5 [0.5860613921642304, 0.8042]
10 [0.5078262647151947, 0.8349]
5 [0.6068915322780609, 0.8009]
10 [0.5299189666986466, 0.8325]
15 [0.4926498875617981, 0.8405]
20 [0.4819188548803329, 0.8472]
25 [0.47095556433200836, 0.8485]
30 [0.49881182730197904, 0.8482]
35 [0.49862357375621796, 0.8478]
40 [0.45517832849025724, 0.8582]
45 [0.44043881516456607, 0.866]
50 [0.49976466896533966, 0.8511]
55 [0.45513623900413513, 0.8636]
60 [0.44439919046163556, 0.8668]
65 [0.44913141319751737, 0.8694]
70 [0.42691779724359513, 0.8744]
75 [0.444469731926918, 0.869]
80 [0.44178023228645324, 0.8706]
85 [0.4234903084874153, 0.8796]
90 [0.497269767332077, 0.8604]
95 [0.4466328032612801, 0.8716]
100 [0.43310649819374086, 0.8762]
105 [0.4613388527750969, 0.8718]
110 [0.4193193440377712, 0.8801]
115 [0.4813140060067177, 0.8658]
120 [0.45650124344825743, 0.8724]
125 [0.44456237879991534, 0.8761]
130 [0.461455470341444, 0.8748]
135 [0.4258696408689022, 0.8842]
140 [0.42472032690048217, 0.883]
145 [0.46522405335903166, 0.8729]
150 [0.4560769983947277, 0.877]
155 [0.4844131706595421, 0.8691]
160 [0.43569576932787896, 0.8815]
165 [0.4648326047539711, 0.8815]
170 [0.46717597278654577, 0.8797]
175 [0.5392616152286529, 0.8655]
180 [0.4575620021045208, 0.8808]
185 [0.43037061191797255, 0.8857]
190 [0.44153474957048894, 0.8855]
195 [0.46311773098111153, 0.8752]
200 [0.46386078484654425, 0.8773]
205 [0.47660576520860193, 0.8783]
210 [0.4612134364426136, 0.8839]
215 [0.46900307961404325, 0.8821]
220 [0.44823318796753886, 0.8795]
225 [0.45159105051755905, 0.8819]
230 [0.442406337839365, 0.8855]
235 [0.4666584196895361, 0.8812]
240 [0.448387422978878, 0.8858]
245 [0.46802388865947725, 0.8852]
250 [0.4706187840551138, 0.8846]
255 [0.44555608007907865, 0.889]
260 [0.5345581163406372, 0.8695]
265 [0.45246928840577605, 0.8886]
270 [0.458625060403347, 0.8889]
275 [0.4321017102777958, 0.8888]
280 [0.5240972373485565, 0.8719]
285 [0.4870863168954849, 0.8828]
290 [0.48423493322730066, 0.8823]
295 [0.4682780800282955, 0.8879]
300 [0.481928570535779, 0.8851]
305 [0.5403067723751068, 0.8713]
310 [0.48901263064146044, 0.8847]
315 [0.5003802024841308, 0.8843]
320 [0.5189710347115993, 0.8808]
325 [0.4850236879110336, 0.8862]
330 [0.4730130330979824, 0.8873]
335 [0.47009484385252, 0.8888]
340 [0.4809031928986311, 0.8885]
345 [0.4906909273505211, 0.8861]
350 [0.5328789141148329, 0.8805]
355 [0.5263654277086258, 0.881]
360 [0.4907352216243744, 0.8867]
365 [0.4825445478275418, 0.8926]
370 [0.49077698214054105, 0.8897]
375 [0.502846521410346, 0.8842]
380 [0.5002699575781823, 0.8887]
385 [0.5396927456438542, 0.8782]
390 [0.5134315053045749, 0.8836]
395 [0.5225421805799008, 0.8777]
400 [0.5083462519615889, 0.8854]
405 [0.509743039931357, 0.8879]
410 [0.5349541766524315, 0.8842]
415 [0.5527580962181091, 0.8835]
420 [0.5177394420146942, 0.8842]
425 [0.5439154811188579, 0.8795]
430 [0.5125573783814907, 0.8853]
435 [0.5578964538753033, 0.8794]
440 [0.48719343784600494, 0.8913]
445 [0.5049414264142513, 0.8884]
450 [0.5117206829994917, 0.885]
455 [0.5131308411747217, 0.8862]
460 [0.5388086808890105, 0.8838]
465 [0.49935755649209024, 0.8892]
470 [0.5195453859999776, 0.8898]
475 [0.5474451533675194, 0.8816]
480 [0.5577919411897659, 0.8808]
485 [0.5145786526372657, 0.8914]
490 [0.5325472678422928, 0.8879]
495 [0.4851657055780292, 0.8947]
500 [0.5355393002003431, 0.8871]
505 [0.5160558234229684, 0.8894]
510 [0.5836023624807596, 0.883]
515 [0.550544092977792, 0.8841]
520 [0.5488515351474285, 0.8856]
525 [0.5378835753202439, 0.888]
530 [0.5248697510167957, 0.8931]
535 [0.5698680987298489, 0.8808]
540 [0.5572543907612563, 0.8878]
545 [0.5603589974820614, 0.8802]
550 [0.5387617457449436, 0.8876]
555 [0.5652412131749094, 0.887]
560 [0.5605336396843195, 0.8877]
565 [0.5634475360326469, 0.8854]
570 [0.5902530516803265, 0.8826]
575 [0.5255038128226995, 0.8903]
580 [0.5930656667679548, 0.8785]
585 [0.5758353891521693, 0.8795]
590 [0.5638124156951905, 0.8821]
595 [0.5625674214601517, 0.8863]
600 [0.5759280946910381, 0.8854]
605 [0.5810534482300281, 0.8858]
610 [0.5333547099664807, 0.8915]
615 [0.6251699928373098, 0.8737]
620 [0.5726240835264325, 0.8854]
625 [0.5672390467733145, 0.8866]
630 [0.5815098071843385, 0.8888]
635 [0.6017165679328144, 0.8851]
640 [0.5735589059710503, 0.8884]
645 [0.5449065298438073, 0.8907]
650 [0.5849494365751743, 0.8806]
655 [0.5551187517225742, 0.8901]
660 [0.5853500467479229, 0.8851]
665 [0.5830950254738331, 0.8853]
670 [0.5936982088506222, 0.8838]
675 [0.6129650862634182, 0.8846]
680 [0.5921792857781053, 0.8895]
685 [0.6349746232151985, 0.8789]
690 [0.6010908953696489, 0.8857]
695 [0.5737031944930553, 0.8947]
700 [0.5857826528951525, 0.8887]
705 [0.5801833889871836, 0.8854]
710 [0.6158330199620686, 0.8861]
715 [0.5976186563134194, 0.8835]
720 [0.5774910034656525, 0.8861]
725 [0.5775395322777331, 0.8868]
730 [0.5981152491658926, 0.8853]
735 [0.5765412912875414, 0.8893]
740 [0.6121716897368431, 0.8846]
745 [0.6280305675476789, 0.8827]
750 [0.6784283897519111, 0.8764]
755 [0.6232445400178432, 0.8796]
760 [0.5949403061235091, 0.8896]
765 [0.6017457672022283, 0.8871]
770 [0.6219180792309343, 0.8855]
775 [0.6245359685607255, 0.8871]
780 [0.6151738824248314, 0.8831]
785 [0.5926931763492524, 0.8879]
790 [0.6306221931219101, 0.8831]
795 [0.6489856516331435, 0.8867]
800 [0.629351587343216, 0.8831]
805 [0.6680441193774342, 0.8843]
810 [0.6053081149891019, 0.8875]
815 [0.59956740693748, 0.8889]
820 [0.6785055951714516, 0.8823]
825 [0.634570064211823, 0.8859]
830 [0.5801368741866201, 0.895]
835 [0.6401761581242085, 0.8862]
840 [0.6317654120057822, 0.88]
845 [0.6254068396329879, 0.8889]
850 [0.6282790335729718, 0.8884]
855 [0.6543594150215387, 0.8857]
860 [0.7176018648788333, 0.873]
865 [0.6257623121768237, 0.8885]
870 [0.6380357331514358, 0.8875]
875 [0.6280391330644488, 0.891]
880 [0.6505064294785261, 0.8881]
885 [0.6184862256040796, 0.8903]
890 [0.6706396316215396, 0.8868]
895 [0.6459529551714659, 0.8862]
900 [0.656322205417417, 0.8848]
905 [0.6786527084894478, 0.8857]
910 [0.6477712095659226, 0.8895]
915 [0.6586724927663803, 0.8907]
920 [0.6563705592431128, 0.8865]
925 [0.686473380856216, 0.8819]
930 [0.6813703197941184, 0.887]
935 [0.6750492655262351, 0.8887]
940 [0.6497294745775871, 0.8921]
945 [0.6915375464286655, 0.8836]
950 [0.6869177930496633, 0.8847]
955 [0.7118230943176895, 0.8865]
960 [0.6592867393404246, 0.8872]
965 [0.7166966767281294, 0.88]
970 [0.6601713614046574, 0.8884]
975 [0.704934962168336, 0.8857]
980 [0.700232099699974, 0.8853]
985 [0.741566907633841, 0.8805]
990 [0.6908351395742036, 0.8866]
995 [0.6822626478742808, 0.8867]
1000 [0.6796553129047156, 0.8893]
1005 [0.700107098403573, 0.8858]
1010 [0.7006567705869675, 0.8846]
1015 [0.7424822818949819, 0.8851]
1020 [0.6969932625118643, 0.8891]
1025 [0.7524874162472784, 0.8781]
1030 [0.6680998058468104, 0.8907]
1035 [0.6825058415815234, 0.8863]
1040 [0.6881935149326921, 0.8884]
1045 [0.6952680286288262, 0.8857]
1050 [0.8126053541600704, 0.8725]
1055 [0.7506534630812705, 0.8827]
1060 [0.7024068098805845, 0.8877]
1065 [0.6870298513516784, 0.8892]
1070 [0.7195998829070479, 0.8869]
1075 [0.7497746892616153, 0.8839]
1080 [0.6962965881299228, 0.8889]
1085 [0.7082259113393724, 0.889]
1090 [0.7095140084162355, 0.8855]
1095 [0.7439732821192593, 0.8838]
1100 [0.7267200092434883, 0.8874]
1105 [0.7049647612199187, 0.8828]
1110 [0.6992996042940766, 0.8888]
1115 [0.7159784166112542, 0.8862]
1120 [0.7758377265296876, 0.8779]
1125 [0.7086592611856759, 0.8904]
1130 [0.7445428271511569, 0.8845]
1135 [0.7512608621664345, 0.8856]
1140 [0.7313697208315134, 0.8834]
1145 [0.6928942494429647, 0.8891]
1150 [0.7341967933401465, 0.8874]
1155 [0.7407107350150123, 0.8837]
1160 [0.7416161619119346, 0.885]
1165 [0.7881263221185655, 0.8776]
1170 [0.7230471867024899, 0.8886]
1175 [0.7710377820879221, 0.8795]
1180 [0.7591923774212599, 0.8881]
1185 [0.7506338585078717, 0.8859]
1190 [0.7501640809297562, 0.8822]
1195 [0.7443182738095522, 0.8811]
1200 [0.716511586611718, 0.8876]
1205 [0.7200131674557925, 0.8872]
1210 [0.7413711282491684, 0.884]
1215 [0.7565203777842223, 0.8801]
1220 [0.7348577840983868, 0.8867]
1225 [0.7537291266471148, 0.8845]
1230 [0.7432048175357282, 0.8876]
1235 [0.7313484492460266, 0.8869]
1240 [0.7822748848199844, 0.8839]
1245 [0.7360214062437415, 0.8832]
1250 [0.7831461258083582, 0.8809]
1255 [0.8215159170466475, 0.8764]
1260 [0.778937727664411, 0.887]
1265 [0.7515692651616409, 0.8858]
1270 [0.7911790753178298, 0.8879]
1275 [0.7539750242233276, 0.8888]
1280 [0.7736503064393997, 0.8849]
1285 [0.7637129501074552, 0.8885]
1290 [0.7673761069547385, 0.8829]
1295 [0.7833672165580093, 0.8849]
1300 [0.7780523499075324, 0.8847]
1305 [0.8006324707061052, 0.883]
1310 [0.7950395495031028, 0.8847]
1315 [0.7804158321589232, 0.8838]
1320 [0.7691278520878404, 0.8853]
1325 [0.7497603838615119, 0.8873]
1330 [0.7687770924540237, 0.8823]
1335 [0.8117400279857219, 0.8816]
1340 [0.8051723742436617, 0.8836]
1345 [0.774704030045867, 0.8874]
1350 [0.7773622370637954, 0.8857]
1355 [0.803521816226095, 0.882]
1360 [0.8122310014992953, 0.8834]
1365 [0.8243191483825445, 0.8832]
1370 [0.7873715982943773, 0.882]
1375 [0.790421876385808, 0.8836]
1380 [0.7793553292728961, 0.8845]
1385 [0.7910215673431754, 0.8829]
1390 [0.8240940952152014, 0.8841]
1395 [0.7771286757528781, 0.8843]
1400 [0.8154575266353786, 0.8818]
1405 [0.7880296081746928, 0.8873]
1410 [0.8223607798106969, 0.8794]
1415 [0.8051323228597641, 0.8868]
1420 [0.809502719398588, 0.8849]
1425 [0.8024114247173071, 0.8849]
1430 [0.7982656786486506, 0.8831]
1435 [0.8288532582178711, 0.881]
1440 [0.8083763023912907, 0.8867]
1445 [0.8344432843330316, 0.8838]
1450 [0.7767830028916709, 0.8884]
1455 [0.8128625239476561, 0.885]
1460 [0.8802468348950148, 0.8781]
1465 [0.8412313917244785, 0.883]
1470 [0.8329769560068846, 0.8858]
1475 [0.8677636918872594, 0.881]
1480 [0.8227944074507803, 0.8862]
1485 [0.8124071160972118, 0.8848]
1490 [0.8421006018936634, 0.8828]
1495 [0.793447620036453, 0.8881]
1500 [0.8117958392620087, 0.8874]
1505 [0.8312427546376362, 0.8859]
1510 [0.8268218832462094, 0.8863]
1515 [0.8132501594495029, 0.8863]
1520 [0.8129207354664802, 0.8891]
1525 [0.8407300078302622, 0.8832]
1530 [0.8300162279635668, 0.8852]
1535 [0.8512701653003693, 0.8814]
1540 [0.8480199246026575, 0.8844]
1545 [0.8949056586533785, 0.8791]
1550 [0.8458584509288892, 0.8863]
1555 [0.8396155637770891, 0.8859]
1560 [0.9205080518960953, 0.875]
1565 [0.8853560961667448, 0.8822]
1570 [0.8538002295330167, 0.8869]
1575 [0.8426821694388985, 0.8854]
1580 [0.849799986422807, 0.8897]
1585 [0.8459370502486825, 0.8863]
1590 [0.9120906501151621, 0.8771]
1595 [0.888658173884172, 0.8835]
1600 [0.8562985970377922, 0.8848]
1605 [0.8343038993334397, 0.8875]
1610 [0.8857705548666418, 0.8795]
1615 [0.8431515526970849, 0.8829]
1620 [0.8691080817057751, 0.886]
1625 [0.869059141413914, 0.8844]
1630 [0.8566792838044465, 0.8849]
1635 [0.8754582137959543, 0.8808]
1640 [0.8610683450996875, 0.8863]
1645 [0.853474883974716, 0.8814]
1650 [0.8814153277814388, 0.8803]
1655 [0.8923551479879767, 0.8832]
1660 [0.8471978617873043, 0.8852]
1665 [0.8599431572251953, 0.8841]
1670 [0.8612868221733719, 0.8876]
1675 [0.8228941172685474, 0.8885]
1680 [0.8726263926451094, 0.8876]
1685 [0.8364069205626845, 0.8914]
1690 [0.8654423785202205, 0.882]
1695 [0.8729968961108476, 0.8863]
1700 [0.8576714215891261, 0.8896]
1705 [0.8262843208487378, 0.8885]
1710 [0.8553966645862907, 0.8889]
1715 [0.8917223251808435, 0.8874]
1720 [0.8643532767597586, 0.8865]
1725 [0.8572840218666941, 0.8855]
1730 [0.8691162213418168, 0.8854]
1735 [0.8736377732886002, 0.8887]
1740 [0.9044187535351143, 0.8802]
1745 [0.8979829016488046, 0.8889]
1750 [0.8984876103537157, 0.8881]
1755 [0.9304833707158919, 0.8838]
1760 [0.9154265976294875, 0.8841]
1765 [0.9098477490428836, 0.8809]
1770 [0.8875649798040278, 0.8873]
1775 [0.8877411488762358, 0.8889]
1780 [0.8609103069027769, 0.8873]
1785 [0.9177691567904549, 0.8822]
1790 [0.9613065770410467, 0.8817]
1795 [0.9338257740139961, 0.8854]
1800 [0.9229010413270443, 0.882]
1805 [0.8808332666365429, 0.8851]
1810 [0.9401420849144458, 0.883]
1815 [0.9253397150506265, 0.8856]
1820 [0.9060495290353894, 0.8848]
1825 [0.9101203083865345, 0.8873]
1830 [0.9005080551028252, 0.8906]
1835 [0.8759799246937037, 0.8897]
1840 [0.9098929690256715, 0.883]
1845 [0.9037226675946265, 0.888]
1850 [0.9167617306388449, 0.8874]
1855 [0.8897216461017727, 0.8905]
1860 [0.8866539673913503, 0.8876]
1865 [0.8847985156167298, 0.8888]
1870 [0.9251803437080234, 0.8804]
1875 [0.9142251050331747, 0.8875]
1880 [0.9929505410190672, 0.8802]
1885 [0.9032621101217344, 0.889]
1890 [0.9439171248066239, 0.8827]
1895 [0.9048765423011268, 0.8861]
1900 [0.9414279348953627, 0.8867]
1905 [0.9100065126945148, 0.8878]
1910 [0.9090729393340647, 0.8906]
1915 [0.9515968962552491, 0.8859]
1920 [0.9816348195634782, 0.8819]
1925 [0.8903964570954442, 0.8871]
1930 [0.9601450410947203, 0.883]
1935 [0.9082998954156006, 0.886]
1940 [0.948674389080517, 0.8877]
1945 [0.9494363901067525, 0.8878]
1950 [0.9979586481787265, 0.8787]
1955 [0.9239828887254, 0.8864]
1960 [0.9390873499363661, 0.8856]
1965 [0.981807219094038, 0.8857]
1970 [0.9123289161324502, 0.8886]
1975 [0.9281309353319928, 0.8881]
1980 [0.9691279444620013, 0.8832]
1985 [0.9882387078464031, 0.8804]
1990 [0.9658957614496351, 0.8836]
1995 [0.9473058509301394, 0.8876]
2000 [0.9717702663525939, 0.8839]
