mnist_thresh
dataset: mnist_thresh codes: None
(50000, 784)
(50000,)
max_data_dim: 784
index: 0 data_shape:(784,) in_file: models_final/mnist_sigmoid_60_stable_retrain.h5:custom_sigmoid
10
acc: 0.7300000190734863
[0.000e+00 1.000e-02 2.000e-02 ... 9.997e+01 9.998e+01 9.999e+01]
tf.Tensor(
[[False  True False ... False False  True]
 [False  True False ... False False  True]
 [False  True False ... False False  True]
 ...
 [ True  True  True ...  True  True  True]
 [ True  True  True ...  True  True  True]
 [ True  True  True ...  True  True  True]], shape=(10000, 100), dtype=bool)
tf.Tensor(
[ 890    0 1710    0 1252    0 1000  407    0  640    0  144    0    0
 8129  239    0  477 2166 1967    0 2806 2497    0    0  972 9325  648
 1389 1498 2535  963 2188    0 1489 2066  664    0  312 2406    0    0
 8365 3240 1862  430    0 2051    0    0 1836 1471  517 3083    0  379
  808    0 5042    0 2123    0 2184 1375  153    0  645 1953 1331 7185
    0  715    0    0    0 3339 7351    0    0  438 1206    0  342 4208
 1009  432  446 4966 1310    0 1624 1072 1829  893    0    0 2072 9541
 1550    0], shape=(100,), dtype=int64)
[890, 0, 1710, 0, 1252, 0, 1000, 407, 0, 640, 0, 144, 0, 0, 8129, 239, 0, 477, 2166, 1967, -1, 2806, 2497, 0, 0, 972, 9325, 648, 1389, 1498, 2535, 963, 2188, 0, 1489, 2066, 664, 0, 312, 2406, 0, -1, 8365, 3240, 1862, 430, 0, 2051, 0, 0, 1836, 1471, 517, 3083, 0, 379, 808, 0, 5042, -1, 2123, -1, 2184, 1375, 153, 0, 645, 1953, 1331, 7185, -1, 715, 0, -1, 0, 3339, 7351, 0, -1, 438, 1206, 0, 342, 4208, 1009, 432, 446, 4966, 1310, 0, 1624, 1072, 1829, 893, 0, 0, 2072, 9541, 1550, 0]
[ 8.9   0.   17.1   0.   12.52  0.   10.    4.07  0.    6.4   0.    1.44
  0.    0.   81.29  2.39  0.    4.77 21.66 19.67 99.99 28.06 24.97  0.
  0.    9.72 93.25  6.48 13.89 14.98 25.35  9.63 21.88  0.   14.89 20.66
  6.64  0.    3.12 24.06  0.   99.99 83.65 32.4  18.62  4.3   0.   20.51
  0.    0.   18.36 14.71  5.17 30.83  0.    3.79  8.08  0.   50.42 99.99
 21.23 99.99 21.84 13.75  1.53  0.    6.45 19.53 13.31 71.85 99.99  7.15
  0.   99.99  0.   33.39 73.51  0.   99.99  4.38 12.06  0.    3.42 42.08
 10.09  4.32  4.46 49.66 13.1   0.   16.24 10.72 18.29  8.93  0.    0.
 20.72 95.41 15.5   0.  ]
saved to attack_data_final/mnist_60_brendel.json
saved to attack_data_final/mnist_60_brendel.json
