Getting the testing dataset of pdfrate instead of the validation dataset
pdfrate
dataset: pdfrate codes: None
Getting the testing dataset of pdfrate instead of the validation dataset
pdfrate
dataset: pdfrate codes: None
max_data_dim: 135
index: 0 data_shape:(135,) in_file: models_final_real/pdfrate_sigmoid.h5:custom_sigmoid
index: 1 data_shape:(135,) in_file: models_final_real/pdfrate_sigmoid_stable_bias.h5:custom_sigmoid
range(0, 2016)
4031
810
4575
1587
3199
3785
4031
4368
3201
1352
4031
3201
1295
4031
4031
4427
4368
4031
4031
2559
5900
3201
4427
4031
871
616
4368
7595
871
7595
4427
4031
3199
616
4031
4031
7595
3199
1587
4031
3199
4368
871
7812
3199
4031
4031
4368
5900
25
5900
4031
4031
4368
4575
4031
2559
2559
4031
1587
2559
7595
4368
4368
4368
3201
4031
3199
4368
4368
3199
4368
4031
616
4031
871
4031
4427
871
4575
4368
2559
7595
3201
4427
4031
3199
4368
4031
5900
4031
4031
1587
4031
4427
871
4368
871
4031
4427
saved to attack_data_final_real/pdfrate_brendel.json
3199
4368
4031
4368
157
4368
876
1587
4031
2559
4031
2559
4427
2559
4368
4031
4031
4031
4368
2559
4031
4427
753
2559
4031
1423
4031
4427
3132
4031
4031
871
871
2559
84
2559
4427
4427
4031
1587
5246
7812
4031
4031
3201
4031
7595
4368
4031
4558
2559
4368
4427
871
1423
1295
1295
7812
871
616
4031
4031
4031
4031
7063
4031
4031
4031
4031
4031
3199
4031
4368
871
4031
3201
871
4031
3199
4368
5900
4558
4031
7595
4031
4368
5900
5900
4031
712
4031
4368
2943
4368
4427
4031
4031
4368
4031
4031
saved to attack_data_final_real/pdfrate_brendel.json
1587
871
4031
4031
4368
4031
1587
6962
3987
871
2559
871
3199
871
4368
4031
4368
4368
2559
1587
4031
4031
4031
4031
3199
4368
4368
4031
4427
7770
4031
4368
7595
1423
4031
1183
2559
4031
4031
7595
4368
2559
2559
4368
4368
4031
1587
4031
4031
871
0
4427
4031
1423
4031
4031
1587
2643
2559
2559
4031
4368
4368
4368
871
1423
4368
4427
4031
2098
4031
4031
1423
871
4368
4031
3199
3199
1423
4031
3199
3199
4031
4031
5900
4575
2559
4031
1423
1587
871
4031
4031
4427
4031
4031
4368
5900
4368
4031
saved to attack_data_final_real/pdfrate_brendel.json
4427
4031
4031
4368
2559
4427
1295
1352
4368
2559
1064
4368
4575
2559
4368
4031
4031
4031
4031
157
4031
1423
4031
4031
4031
3201
871
4031
8046
4031
5100
5900
4031
4368
2559
4368
4031
871
4031
4031
1587
4427
871
871
1423
3199
4427
4031
1423
2098
3201
2559
3199
4031
1587
4575
4031
7595
4031
4427
4031
4368
4427
6829
6729
4427
4368
1295
810
157
2098
2559
2386
3132
2559
4031
871
1243
4368
5900
2559
3132
4031
4031
4031
871
4031
4031
4031
4368
5900
4031
4368
871
2559
1295
4368
3282
4031
4368
saved to attack_data_final_real/pdfrate_brendel.json
4368
4031
4031
7812
4031
3878
4558
4575
4427
3199
4031
871
4427
2559
2559
4031
4031
871
2559
4427
4031
4368
4031
4031
1295
4031
4031
4031
4368
4031
3199
4031
4031
1369
4031
4031
4031
7595
4368
4368
2559
1295
4031
4031
4031
2559
5900
871
4368
4031
4031
4368
871
1423
4031
4031
871
4031
2559
3199
4368
1295
3199
4368
871
4368
3199
4031
4031
4368
4427
1587
7595
4427
4558
2559
4031
4031
4368
1587
4427
4031
871
6962
25
216
4427
7812
4368
2559
4031
4368
4368
871
2559
3282
977
4558
5100
2559
saved to attack_data_final_real/pdfrate_brendel.json
2559
4031
4031
4031
2559
4368
4368
4031
4031
4427
4427
1295
871
4427
157
4031
1423
2559
1587
25
3201
2559
4558
3201
4427
871
2943
3201
4427
5900
4427
2559
4368
4031
4427
4368
4031
6962
4427
2559
871
3201
84
4427
3199
4368
4368
871
4031
3282
4368
4031
4031
4031
3199
4031
4368
4427
4031
4031
871
7595
2559
4558
4031
871
4368
3201
4031
4031
4031
1295
4031
4031
3199
4031
7812
4031
5900
4427
4031
4427
5900
7595
4427
3199
4031
2386
871
1423
4031
4031
4368
871
4368
4031
4575
2559
3199
3201
saved to attack_data_final_real/pdfrate_brendel.json
4031
4031
1423
4031
4031
2943
3132
2559
4031
4031
4368
871
4031
4368
4031
4427
4031
4031
4031
4031
3282
7595
4031
7770
4368
4427
84
3199
2386
4031
4031
4031
5900
4031
4031
4031
2559
4031
3282
4031
4031
4427
2559
4031
1423
4368
753
7770
2559
4031
4031
7595
2943
1079
4031
4031
1352
871
4368
871
4368
4427
3533
2559
4368
4031
3201
4031
4368
7595
4575
1064
4031
4427
3201
3199
4031
4368
4427
4031
1369
4368
2559
4368
4031
4031
4031
2559
2559
2559
4031
4368
4031
3199
4031
7812
1423
4031
4427
1423
saved to attack_data_final_real/pdfrate_brendel.json
3284
1352
4031
2315
4427
4575
871
2559
4031
5900
3199
3201
4031
3201
3199
4427
4368
4368
2559
1587
4368
7812
2559
871
3391
871
2559
1587
4427
4031
4031
871
4427
4427
2559
1423
4031
6962
1295
6365
4368
4558
4422
4031
4031
4031
3201
4031
4031
4368
4368
5900
4031
4368
871
3201
1295
4368
4427
871
4031
5184
4368
5900
1295
4031
4031
4031
4031
4031
4427
871
544
1587
871
4031
3201
4031
1423
4427
5900
4031
4031
7812
871
2559
4031
4031
4031
1295
4031
2559
1310
4558
4427
25
4368
4031
4031
4427
saved to attack_data_final_real/pdfrate_brendel.json
4031
1587
2643
4427
4031
4368
810
1423
4031
157
4558
25
4368
4427
4031
4031
4368
4031
2559
871
4031
4031
4031
2559
4031
1318
871
1587
4368
4031
4368
4031
4368
375
871
4031
1352
4031
4368
4031
3199
2098
2559
2559
1423
3132
4427
4031
233
4031
1587
1423
4031
1587
4427
4031
4031
7595
2559
4368
7812
871
1423
4031
4368
4427
871
4031
4031
4031
871
4427
3199
4031
4031
4031
4031
871
4368
7812
6962
3199
4031
2559
7595
3199
4427
3199
5900
4368
4031
7812
3199
2559
5900
4031
4031
4368
5900
4031
saved to attack_data_final_real/pdfrate_brendel.json
871
4427
4031
4031
4031
216
4031
871
4031
4031
4368
4031
7812
4368
4031
3201
6829
4031
4031
3199
4368
4031
2559
4031
2559
3851
871
2559
871
1423
4031
4427
4031
4031
4427
1423
4031
4368
4427
1423
871
871
2643
4031
4368
4031
4031
4031
4031
1587
5900
4031
4031
4031
2098
4031
616
4558
6962
5900
544
1423
216
4031
4031
4368
233
4031
1423
2559
4368
2559
5900
4575
4031
876
4031
4031
753
3282
2559
4368
4031
4031
4575
4031
3282
871
4368
4427
7595
3201
4031
2559
3201
871
3199
7595
4031
2559
saved to attack_data_final_real/pdfrate_brendel.json
2559
4031
3199
7770
2559
2559
4368
4031
871
0
4031
871
4031
4368
4031
3199
1295
4427
712
871
4031
4368
4031
6962
4427
753
4031
4031
4031
4031
2559
4031
4031
2559
4031
4031
4368
2643
4427
3201
1352
871
4427
2386
4031
5900
4427
5900
4368
1587
4368
3199
4031
544
2559
4427
6365
4368
4368
4031
4368
4031
4368
7609
871
4031
4427
1587
4427
1587
1587
4368
2559
4031
4031
4031
4031
1587
3199
5900
4368
1587
3022
4031
3199
2559
3199
4031
2559
4368
871
4031
4368
4031
4368
871
4031
4031
616
4031
saved to attack_data_final_real/pdfrate_brendel.json
4427
4368
4368
4031
2559
4427
810
4368
871
6962
871
871
4031
5900
871
2559
4031
3201
4558
4031
4031
2559
3533
4031
4031
2559
1295
4031
4427
871
4368
871
4031
4368
871
3851
3199
2559
3201
4031
4031
1423
4368
4031
4368
4368
4031
4427
871
871
7595
1587
4031
1423
2559
4031
3201
4031
3199
3199
4427
3201
216
7609
4427
4368
6962
1352
2559
871
871
1423
25
4427
282
6962
2643
2559
4368
4031
1587
5900
25
1295
1587
2643
4031
2990
2559
4031
4368
4031
4031
5900
25
4427
4031
1587
4031
157
saved to attack_data_final_real/pdfrate_brendel.json
4031
5900
4368
4368
4368
4031
4368
4558
4368
4031
1423
4368
3533
4031
4368
1423
3533
4031
4427
4031
1423
4031
4368
4427
3199
2559
3199
3132
4368
4031
3199
3282
4427
1423
4575
4031
4575
4427
1587
4031
871
5900
4368
2559
3533
4031
4427
4031
2098
4031
1423
4031
2643
4031
4368
3199
2559
4031
5900
5900
157
3199
871
4368
2559
4031
4031
2559
4031
4289
2559
4427
4031
4368
4031
4031
3199
4031
1423
4031
4031
2559
4368
3533
4031
4368
871
4031
4031
2559
2559
4031
4031
4368
4031
4427
4031
3199
4427
4031
saved to attack_data_final_real/pdfrate_brendel.json
4031
6829
4368
233
4031
4031
4031
6962
4031
4427
1587
7595
3199
4031
5900
7812
2559
6962
1423
4427
1423
4368
871
4031
3199
871
4427
4031
4575
4031
4368
4031
876
4368
1587
7812
4368
4031
4368
2559
4427
2559
4031
616
4031
4368
4031
871
1587
4368
4031
2559
4031
4031
616
1423
3199
7595
3199
4368
4575
4368
1423
1295
4031
4031
4368
4368
4031
4368
3199
4031
4368
2386
810
5900
4031
1587
4368
4427
4031
871
5900
871
4031
4368
3199
4031
7595
5900
4031
4031
4031
4031
4031
3199
2559
4031
4031
4031
saved to attack_data_final_real/pdfrate_brendel.json
1423
4031
7595
2643
4031
4368
4031
4427
3199
4031
1352
3199
4031
3199
1184
4368
871
4031
25
4368
3199
4031
871
4031
4031
871
4031
4031
5900
2559
4031
5900
7812
4031
2559
4031
1587
871
4031
4031
4368
876
871
4031
1295
871
7812
4031
4427
25
3132
4427
4368
4368
4031
4368
4031
4031
2559
7812
7334
4427
4031
3199
6829
1587
4031
4427
3201
3132
616
3199
4368
4368
2559
4031
4031
4368
4558
4368
4031
4031
4558
4031
4031
4031
4031
3132
1295
4031
4031
1423
4368
4368
2559
2559
871
3199
4031
4031
saved to attack_data_final_real/pdfrate_brendel.json
4427
1423
4427
4031
3282
4031
4368
7595
1295
4368
4031
4368
871
3199
871
871
2559
871
4368
4031
4368
4031
4368
4031
3132
4031
871
871
876
2559
4427
4575
5900
4368
2559
4031
2559
871
4031
4031
3201
3282
4031
4031
4031
4368
4368
4031
4368
1423
4031
4031
4427
4031
4031
25
4427
1587
4575
4031
7595
4031
2559
2559
4031
2559
5900
4427
4031
1587
871
4368
4368
4031
4031
4575
4031
5900
5900
4031
4031
871
1423
4031
616
4031
4031
4031
1295
4031
4031
4031
4427
4031
4368
4427
4368
4368
3199
4427
saved to attack_data_final_real/pdfrate_brendel.json
2559
4031
4368
4031
2559
4427
1295
4368
871
544
216
3199
1295
3199
1423
2559
4368
871
4031
4031
2559
5900
4031
7595
4031
4031
3201
6962
4368
4368
871
1423
4368
4368
2559
2559
4031
2559
4368
4368
4031
4368
3199
4031
4427
3132
2559
4031
4031
871
4031
871
4031
2559
871
2559
4031
871
4031
4031
2559
5900
4368
871
4031
4427
2943
4368
4368
4368
3199
4031
4031
2559
3199
4031
4031
4031
4427
3132
157
4368
3851
4368
4368
6962
4368
871
4427
4031
876
871
4427
4031
4575
1423
4427
4031
4031
157
saved to attack_data_final_real/pdfrate_brendel.json
4031
871
4368
2559
0
4031
1587
871
2559
216
1423
4031
4031
1064
4031
4368
4368
3199
1423
871
3199
4368
4427
1587
2559
216
4031
4031
84
4427
1295
5900
4031
7812
4031
4031
1423
1423
4368
4031
4031
3533
5900
4031
4368
4031
3201
8005
871
4368
2559
4031
4031
7595
4031
4368
4031
4031
4368
3201
871
2559
4427
4427
4368
1352
2559
7063
3199
4031
4031
871
1587
4558
871
3199
810
3201
216
2559
4368
1295
7595
4031
4031
7063
2559
4427
4031
4031
4368
1423
4031
4031
2559
2559
4368
4368
4031
4427
saved to attack_data_final_real/pdfrate_brendel.json
871
4427
4368
4427
4368
4031
4427
4031
1295
2559
4558
4031
810
25
4031
4031
1295
4031
4368
4031
2559
4031
1423
4427
871
4031
4031
6962
4031
157
4427
3199
871
4031
4427
3199
4368
4031
544
4031
4031
3132
4031
4031
5184
2559
4031
4031
4575
4031
4368
4031
4031
4031
3199
7595
871
4031
4031
4031
4031
871
4031
4031
1587
5900
871
4031
4031
4368
4031
1064
3199
4368
4031
871
4031
3282
4427
1295
3201
4031
4031
4031
4368
4427
4031
4031
4031
4031
1423
4368
4031
4031
4427
4368
5900
4031
6270
5900
saved to attack_data_final_real/pdfrate_brendel.json
4031
4031
4031
1587
4031
4368
1587
3199
1587
4031
4368
25
544
2559
544
1064
4031
4427
616
753
3199
4031
4031
871
1064
1064
871
4427
5900
3199
4031
4031
4368
3201
4368
4031
5900
616
871
4368
3199
4427
1423
3199
4368
4031
4031
4031
4031
1587
4031
2559
2559
4031
4031
2559
3199
2559
4575
3199
3199
1423
4368
4368
4427
1064
4031
1423
4427
4031
4031
4368
4575
3201
4427
4031
2386
4368
3851
4031
871
3334
4031
5900
2559
3199
7595
1352
4031
4031
3199
4368
4427
871
4031
4031
5900
1295
5900
810
saved to attack_data_final_real/pdfrate_brendel.json
1587
4031
4031
2559
4031
1587
4031
4368
4031
4031
3199
3199
3201
7063
4031
2559
saved to attack_data_final_real/pdfrate_brendel.json
216
810
3199
3132
3199
3785
216
216
3132
216
216
3132
1295
216
216
4427
216
216
216
2559
1352
3132
4427
216
871
1249
157
6829
871
6829
4427
216
3199
1249
216
216
6829
3199
411
216
3199
216
871
7812
3199
216
216
157
1352
25
1352
216
216
216
5044
216
2559
2559
216
411
2559
6829
2845
216
216
876
216
3199
157
157
3199
216
216
1249
216
871
216
4427
871
3199
157
2559
6829
3132
4427
216
3199
2845
216
1352
216
216
411
216
4427
871
157
871
216
4427
saved to attack_data_final_real/pdfrate_brendel.json
3199
216
216
157
6494
216
876
6829
216
2559
216
2559
4427
2559
216
216
216
216
157
2559
216
4427
753
2559
216
1423
216
4427
3132
216
216
871
871
2559
84
2559
411
4427
216
128
1823
7812
216
216
3132
216
6829
216
216
411
2559
157
4427
871
1423
1295
1295
7812
871
1249
216
216
216
216
411
216
216
216
216
216
3199
216
2845
871
216
3132
871
216
3199
157
1352
411
216
6829
216
216
1352
1352
216
712
216
216
411
216
4427
216
216
157
216
216
saved to attack_data_final_real/pdfrate_brendel.json
3132
411
216
216
216
216
3132
6494
3987
871
2559
871
3199
871
157
216
216
2845
2559
411
216
216
216
216
3199
2845
157
216
4427
7770
216
216
6829
1423
216
7063
2559
216
216
6829
216
2559
2559
2845
157
216
411
216
216
871
4031
4427
216
1423
216
216
411
3334
2559
2559
216
216
157
216
871
1423
157
4427
216
2098
216
216
1423
871
216
216
3199
3199
1423
216
3199
3199
216
216
1352
5044
2559
216
1423
3132
871
216
216
4427
216
216
157
1352
216
216
saved to attack_data_final_real/pdfrate_brendel.json
4427
216
216
216
4173
4427
1295
216
2845
2559
6494
216
3199
2559
157
216
216
216
216
157
216
1423
216
216
216
3132
871
216
977
216
3696
1352
216
157
2559
216
216
871
216
216
3851
4427
6365
871
1423
3199
4427
216
1423
2845
3132
2559
3199
216
3132
5044
216
6829
216
4427
216
2845
4427
6829
6729
4427
216
1295
810
6494
2845
2559
4031
3132
2559
216
6365
1243
157
1352
4173
3132
216
216
216
871
216
216
216
216
1352
216
216
871
2559
1295
216
411
216
157
saved to attack_data_final_real/pdfrate_brendel.json
157
216
216
7812
216
3878
411
3199
4427
3199
216
871
4427
2559
2559
216
216
871
2559
4427
216
157
216
216
1295
216
216
216
157
216
3199
216
216
6365
216
216
216
6829
216
216
2559
1295
216
216
216
2559
1352
6365
157
216
216
216
871
1423
216
216
871
216
2559
3199
2845
1295
3199
157
871
216
3199
216
216
157
4427
411
6829
4427
411
2559
216
216
157
3132
4427
216
871
6494
25
216
4427
7812
2845
2559
216
216
216
871
2559
753
977
411
3696
2559
saved to attack_data_final_real/pdfrate_brendel.json
4173
216
216
216
2559
216
216
216
216
4427
4427
1295
6365
4427
6494
216
1423
2559
3132
25
3132
2559
411
3132
4427
871
411
876
4427
1352
4427
4173
216
216
4427
216
216
6494
4427
4173
871
3132
84
4427
3199
216
216
871
216
876
216
216
216
216
3199
216
216
4427
216
216
871
6829
2559
411
216
871
216
3132
216
216
216
1295
216
216
3199
216
7812
216
1352
4427
216
4427
1352
4427
4427
3199
216
4031
871
1423
216
216
2845
871
216
216
3199
2559
3199
871
saved to attack_data_final_real/pdfrate_brendel.json
216
216
1423
216
216
2943
3132
2559
216
216
216
871
216
216
216
4427
216
216
216
216
3851
6829
216
2845
216
4427
84
3199
4031
216
216
216
1352
216
216
216
2559
216
6829
216
216
4427
2559
216
1423
157
753
7770
2559
216
216
6829
411
4368
216
216
216
871
157
6365
157
4427
7609
2559
216
216
3132
216
216
6829
5044
6494
216
4427
871
3199
216
216
4427
216
1369
216
4173
216
216
216
216
2559
2559
2559
216
216
216
3199
216
7812
1423
216
4427
1423
saved to attack_data_final_real/pdfrate_brendel.json
3284
216
216
2315
4427
3199
871
2559
216
1352
3199
871
216
3132
3199
4427
216
216
2559
3132
157
7812
4173
871
616
871
2559
3132
4427
216
216
871
4427
4427
2559
1423
216
6494
1295
6494
216
411
6365
216
216
216
871
216
216
157
216
1352
216
216
871
3132
1295
216
4427
6365
216
5184
2845
1352
1295
216
216
216
216
216
4427
411
544
3132
871
216
1249
216
1423
4427
1352
216
216
7812
871
2559
216
216
216
1295
216
2559
8046
411
411
25
216
216
216
4427
saved to attack_data_final_real/pdfrate_brendel.json
216
411
3334
4427
216
157
810
1423
216
6494
411
25
157
4427
216
216
2845
216
2559
871
216
216
216
2559
216
1318
871
411
216
216
157
216
216
6494
871
216
216
216
216
216
3199
3696
2559
2559
1423
3132
4427
216
233
216
411
1423
216
3132
4427
216
216
6829
2559
216
7812
871
1423
216
216
4427
871
216
216
216
871
4427
3199
216
216
216
216
6365
216
7812
2845
3199
216
2559
6829
3199
4427
3199
1352
157
216
7812
3199
2559
1352
216
216
157
1352
216
saved to attack_data_final_real/pdfrate_brendel.json
871
4427
216
216
216
216
216
871
216
216
216
216
7812
216
216
3132
6829
216
216
3199
2845
216
4173
216
2559
3851
871
2559
871
1423
216
4427
216
216
4427
1423
216
2845
4427
1423
871
871
3334
216
216
216
216
216
216
411
1352
216
216
216
2845
216
1249
411
6494
1352
544
1423
216
216
216
216
4575
216
1423
2559
216
2559
1352
3199
216
876
216
216
753
3132
2559
216
216
216
1184
216
411
871
216
4427
2315
2559
216
2559
876
871
3199
6829
216
2559
saved to attack_data_final_real/pdfrate_brendel.json
2559
216
3199
7770
2559
2559
216
216
6365
4031
216
871
216
157
216
3199
1295
4427
712
871
216
2845
216
6494
4427
753
216
216
216
216
2559
216
216
2559
216
216
157
3334
4427
544
216
871
4427
4031
216
1352
4427
1352
216
3132
216
3199
216
544
2559
4427
6494
2845
157
216
157
216
157
2559
871
216
4427
3132
4427
3132
411
2845
2559
216
216
216
216
411
3199
1352
216
3132
2845
216
3199
2559
3199
216
2559
157
871
216
157
216
216
871
216
216
1249
216
saved to attack_data_final_real/pdfrate_brendel.json
4427
157
157
216
2559
4427
810
216
871
6494
871
871
216
1352
871
4173
216
3132
411
216
216
2559
7609
216
216
2559
1295
216
4427
6365
216
871
216
216
871
3851
3199
2559
1249
216
216
1423
216
216
157
157
216
4427
871
871
6829
411
216
1423
2559
216
3132
216
3199
3199
4427
3132
216
2559
4427
216
6494
216
2559
871
871
1423
25
4427
4575
2845
3334
2559
2845
216
871
1352
25
1295
411
3334
216
2990
2559
216
216
216
216
1352
25
4427
216
3132
216
157
saved to attack_data_final_real/pdfrate_brendel.json
216
1352
216
216
2845
216
216
411
216
216
1423
216
7609
216
157
1423
3533
216
4427
216
1423
216
157
4427
3199
2559
3199
3132
216
216
3199
411
4427
1423
3199
216
5044
4427
411
216
871
1352
216
2559
7609
216
4427
216
3696
216
1423
216
3334
216
216
3199
2559
216
1352
1352
6494
3199
871
216
2559
216
216
2559
216
6494
2559
4427
216
157
216
216
3199
216
1423
216
216
2559
157
7609
216
216
871
216
216
4173
2559
216
216
216
216
4427
216
3199
4427
216
saved to attack_data_final_real/pdfrate_brendel.json
216
6829
216
6365
216
216
216
6494
216
4427
411
6829
3199
216
1352
7812
2559
6494
1423
4427
1423
157
871
216
3199
871
4427
216
5044
216
216
216
876
216
411
7812
216
216
157
4173
4427
2559
216
1249
216
216
216
871
876
2845
216
2559
216
216
1249
1423
3199
6829
3199
157
5044
216
1423
1295
216
216
216
216
216
216
3199
216
2845
4575
810
1352
216
3132
216
4427
216
6365
1352
871
216
216
3199
216
6829
1352
216
216
216
216
216
3199
2559
216
216
216
saved to attack_data_final_real/pdfrate_brendel.json
1423
216
6829
3334
216
216
216
4427
3199
216
216
3199
216
3199
2845
216
871
216
25
157
3199
216
6365
216
216
871
216
216
1352
2559
216
1352
7812
216
2559
216
753
871
216
216
2845
876
871
216
1295
871
7812
216
4427
25
3132
4427
157
216
216
2845
216
216
2559
7812
7334
4427
216
3199
6829
871
216
4427
3132
3132
1249
3199
216
216
2559
216
216
157
411
216
216
216
411
216
216
216
216
3132
1295
216
216
1423
2845
157
4173
2559
871
3199
216
216
saved to attack_data_final_real/pdfrate_brendel.json
4427
1423
4427
216
753
216
216
6829
1295
216
216
216
871
3199
6365
871
2559
871
216
216
216
216
216
216
3132
216
871
871
876
2559
4427
5044
1352
157
4173
216
2559
871
216
216
3132
753
216
216
216
216
157
216
157
1423
216
216
4427
216
216
25
4427
411
5044
216
6829
216
2559
2559
216
4173
1352
4427
216
3132
871
216
216
216
216
3199
216
1352
1352
216
216
871
1423
216
1249
216
216
216
1295
216
216
216
4427
216
216
4427
157
2845
3199
4427
saved to attack_data_final_real/pdfrate_brendel.json
4173
216
216
216
2559
4427
1295
216
871
544
216
3199
1295
3199
1423
2559
157
871
216
216
2559
1352
216
6829
216
216
3132
6494
157
216
871
1423
157
157
2559
2559
216
2559
157
216
216
216
3199
216
4427
3132
2559
216
216
871
216
871
216
2559
871
2559
216
871
216
216
2559
1352
2845
871
216
4427
411
216
157
216
3199
216
216
2559
3199
216
216
216
4427
3132
6494
216
3851
157
216
6494
216
871
4427
216
876
871
4427
216
5044
1423
4427
216
216
6494
saved to attack_data_final_real/pdfrate_brendel.json
216
871
157
2559
4031
216
3132
871
2559
216
1423
216
216
6494
216
216
157
3199
1423
871
3199
216
4427
3132
2559
216
216
216
84
4427
1295
1352
216
7812
216
216
1423
1423
216
216
216
7609
1352
216
216
216
876
7595
871
157
2559
216
216
6829
216
216
216
216
216
3132
6365
2559
4427
4427
216
216
2559
411
3199
216
216
871
876
411
871
3199
810
3132
216
2559
157
1295
6829
216
216
411
4173
4427
216
216
2845
1423
216
216
411
2559
157
216
216
4427
saved to attack_data_final_real/pdfrate_brendel.json
871
4427
216
4427
157
216
4427
216
1295
2559
411
216
810
25
216
216
1295
216
216
216
2559
216
1423
4427
871
216
216
6494
216
6494
4427
3199
871
216
4427
3199
157
216
544
216
216
3132
216
216
5184
2559
216
216
3199
216
157
216
216
216
3199
6829
871
216
216
216
216
871
216
216
2559
1352
6365
216
216
157
216
6494
3199
216
216
871
216
411
4427
1295
2559
216
216
216
216
4427
216
216
216
216
1423
157
216
216
4427
216
1352
216
6270
1352
saved to attack_data_final_real/pdfrate_brendel.json
216
216
216
871
216
157
3132
3199
3132
216
216
25
544
2559
544
6494
216
4427
1249
753
3199
216
216
871
6494
6494
871
4427
1352
3199
216
216
216
2559
2845
216
1352
1249
6365
157
3199
4427
1423
3199
2845
216
216
216
216
3132
216
2559
2559
216
216
4173
3199
2559
5044
3199
3199
1423
216
157
4427
6494
216
1423
4427
216
216
216
5044
3132
4427
216
4031
216
3851
216
871
3334
216
1352
2559
3199
6829
84
216
216
3199
216
4427
871
216
216
1352
1295
1352
810
saved to attack_data_final_real/pdfrate_brendel.json
411
216
216
2559
216
2559
216
216
216
216
3199
3199
871
411
216
2559
saved to attack_data_final_real/pdfrate_brendel.json
saved to attack_data_final_real/pdfrate_brendel.json
