x y
0.0 0.9980158730158729
0.0 0.9980158730158729
1.8035399913787842 0.9980158730158729
1.8035399913787842 0.9975198412698412
2.4278693199157715 0.9975198412698412
2.4278693199157715 0.9970238095238094
2.626157760620117 0.9970238095238094
2.626157760620117 0.9965277777777777
4.646512985229492 0.9965277777777777
4.646512985229492 0.9950396825396824
5.132562160491943 0.9950396825396824
5.132562160491943 0.9945436507936507
6.947478294372559 0.9945436507936507
6.947478294372559 0.9905753968253967
7.267055511474609 0.9905753968253967
7.267055511474609 0.9895833333333333
8.21082878112793 0.9895833333333333
8.21082878112793 0.9890873015873015
9.503186225891113 0.9890873015873015
9.503186225891113 0.9885912698412698
9.881301879882812 0.9885912698412698
9.881301879882812 0.9871031746031745
10.008768081665039 0.9871031746031745
10.008768081665039 0.9866071428571428
10.190698623657227 0.9866071428571428
10.190698623657227 0.9350198412698412
10.28543472290039 0.9350198412698412
10.28543472290039 0.9345238095238094
10.411018371582031 0.9345238095238094
10.411018371582031 0.9340277777777777
10.579846382141113 0.9340277777777777
10.579846382141113 0.9335317460317459
11.299156188964844 0.9335317460317459
11.299156188964844 0.9032738095238094
11.433109283447266 0.9032738095238094
11.433109283447266 0.9022817460317459
11.614730834960938 0.9022817460317459
11.614730834960938 0.8993055555555555
12.416144371032715 0.8993055555555555
12.416144371032715 0.8988095238095237
12.910263061523438 0.8988095238095237
12.910263061523438 0.898313492063492
12.925630569458008 0.898313492063492
12.925630569458008 0.8973214285714285
13.018352508544922 0.8973214285714285
13.018352508544922 0.8968253968253967
13.405513763427734 0.8968253968253967
13.405513763427734 0.896329365079365
13.571335792541504 0.896329365079365
13.571335792541504 0.8958333333333333
13.575331687927246 0.8958333333333333
13.575331687927246 0.8953373015873015
13.680465698242188 0.8953373015873015
13.680465698242188 0.8948412698412698
13.710018157958984 0.8948412698412698
13.710018157958984 0.894345238095238
13.730878829956055 0.894345238095238
13.730878829956055 0.8938492063492063
13.812420845031738 0.8938492063492063
13.812420845031738 0.8933531746031745
14.698488235473633 0.8933531746031745
14.698488235473633 0.8918650793650793
14.965983390808105 0.8918650793650793
14.965983390808105 0.8913690476190476
15.040380477905273 0.8913690476190476
15.040380477905273 0.8903769841269841
15.298982620239258 0.8903769841269841
15.298982620239258 0.8898809523809523
15.360003471374512 0.8898809523809523
15.360003471374512 0.8893849206349206
15.733705520629883 0.8893849206349206
15.733705520629883 0.8888888888888888
15.965118408203125 0.8888888888888888
15.965118408203125 0.8883928571428571
16.053932189941406 0.8883928571428571
16.053932189941406 0.8878968253968254
16.129310607910156 0.8878968253968254
16.129310607910156 0.8869047619047619
16.160791397094727 0.8869047619047619
16.160791397094727 0.8685515873015872
17.07843589782715 0.8685515873015872
17.07843589782715 0.8680555555555555
17.697208404541016 0.8680555555555555
17.697208404541016 0.8675595238095237
18.185606002807617 0.8675595238095237
18.185606002807617 0.867063492063492
18.305971145629883 0.867063492063492
18.305971145629883 0.8566468253968254
18.60869598388672 0.8566468253968254
18.60869598388672 0.8556547619047619
18.761608123779297 0.8556547619047619
18.761608123779297 0.837797619047619
18.885578155517578 0.837797619047619
18.885578155517578 0.8373015873015872
19.060531616210938 0.8373015873015872
19.060531616210938 0.835813492063492
19.158466339111328 0.835813492063492
19.158466339111328 0.8353174603174602
19.22321319580078 0.8353174603174602
19.22321319580078 0.8313492063492063
19.53437042236328 0.8313492063492063
19.53437042236328 0.8253968253968254
19.77001953125 0.8253968253968254
19.77001953125 0.8234126984126984
20.088825225830078 0.8234126984126984
20.088825225830078 0.8209325396825397
20.540578842163086 0.8209325396825397
20.540578842163086 0.8204365079365079
20.584436416625977 0.8204365079365079
20.584436416625977 0.8169642857142857
20.716060638427734 0.8169642857142857
20.716060638427734 0.816468253968254
20.955463409423828 0.816468253968254
20.955463409423828 0.8159722222222222
21.157917022705078 0.8159722222222222
21.157917022705078 0.8154761904761905
21.182180404663086 0.8154761904761905
21.182180404663086 0.8149801587301587
21.383934020996094 0.8149801587301587
21.383934020996094 0.814484126984127
21.60593032836914 0.814484126984127
21.60593032836914 0.8125
21.656869888305664 0.8125
21.656869888305664 0.8075396825396824
21.687231063842773 0.8075396825396824
21.687231063842773 0.804563492063492
21.86223793029785 0.804563492063492
21.86223793029785 0.8040674603174602
21.882413864135742 0.8040674603174602
21.882413864135742 0.8035714285714285
22.08808135986328 0.8035714285714285
22.08808135986328 0.8020833333333333
22.209510803222656 0.8020833333333333
22.209510803222656 0.8015873015873015
22.355607986450195 0.8015873015873015
22.355607986450195 0.8010912698412698
22.473560333251953 0.8010912698412698
22.473560333251953 0.800595238095238
22.586105346679688 0.800595238095238
22.586105346679688 0.7956349206349206
22.810705184936523 0.7956349206349206
22.810705184936523 0.7946428571428571
22.886016845703125 0.7946428571428571
22.886016845703125 0.7941468253968254
22.910263061523438 0.7941468253968254
22.910263061523438 0.7926587301587301
23.155366897583008 0.7926587301587301
23.155366897583008 0.775297619047619
23.182907104492188 0.775297619047619
23.182907104492188 0.7678571428571428
23.233924865722656 0.7678571428571428
23.233924865722656 0.767361111111111
23.324552536010742 0.767361111111111
23.324552536010742 0.7668650793650793
23.481159210205078 0.7668650793650793
23.481159210205078 0.7663690476190476
23.495899200439453 0.7663690476190476
23.495899200439453 0.7658730158730158
23.4993839263916 0.7658730158730158
23.4993839263916 0.7653769841269841
23.81472396850586 0.7653769841269841
23.81472396850586 0.7648809523809523
23.862361907958984 0.7648809523809523
23.862361907958984 0.7643849206349206
23.91480827331543 0.7643849206349206
23.91480827331543 0.7628968253968254
23.937042236328125 0.7628968253968254
23.937042236328125 0.7624007936507936
23.990882873535156 0.7624007936507936
23.990882873535156 0.7619047619047619
24.284181594848633 0.7619047619047619
24.284181594848633 0.7614087301587301
24.29205322265625 0.7614087301587301
24.29205322265625 0.7604166666666666
24.703670501708984 0.7604166666666666
24.703670501708984 0.7574404761904762
24.717090606689453 0.7574404761904762
24.717090606689453 0.7569444444444444
24.867826461791992 0.7569444444444444
24.867826461791992 0.7564484126984127
24.990222930908203 0.7564484126984127
24.990222930908203 0.7559523809523809
24.994932174682617 0.7559523809523809
24.994932174682617 0.7554563492063492
25.074748992919922 0.7554563492063492
25.074748992919922 0.7237103174603174
25.11220932006836 0.7237103174603174
25.11220932006836 0.5882936507936508
25.129940032958984 0.5882936507936508
25.129940032958984 0.5877976190476191
25.30185317993164 0.5877976190476191
25.30185317993164 0.5863095238095237
25.320280075073242 0.5863095238095237
25.320280075073242 0.585813492063492
25.52836036682129 0.585813492063492
25.52836036682129 0.5853174603174602
25.544889450073242 0.5853174603174602
25.544889450073242 0.5848214285714285
26.036659240722656 0.5848214285714285
26.036659240722656 0.5843253968253967
26.158580780029297 0.5843253968253967
26.158580780029297 0.5823412698412698
26.364028930664062 0.5823412698412698
26.364028930664062 0.579861111111111
26.61358070373535 0.579861111111111
26.61358070373535 0.5773809523809523
26.664947509765625 0.5773809523809523
26.664947509765625 0.5734126984126984
26.91214370727539 0.5734126984126984
26.91214370727539 0.5729166666666666
27.02758026123047 0.5729166666666666
27.02758026123047 0.5724206349206349
27.113080978393555 0.5724206349206349
27.113080978393555 0.5719246031746031
27.35272979736328 0.5719246031746031
27.35272979736328 0.5714285714285714
27.919830322265625 0.5714285714285714
27.919830322265625 0.5709325396825397
28.0556640625 0.5709325396825397
28.0556640625 0.5704365079365079
28.311649322509766 0.5704365079365079
28.311649322509766 0.5634920634920635
28.369190216064453 0.5634920634920635
28.369190216064453 0.5629960317460317
28.447168350219727 0.5629960317460317
28.447168350219727 0.5625
28.685651779174805 0.5625
28.685651779174805 0.5620039682539683
28.691165924072266 0.5620039682539683
28.691165924072266 0.560515873015873
28.745697021484375 0.560515873015873
28.745697021484375 0.5600198412698413
28.746747970581055 0.5600198412698413
28.746747970581055 0.5461309523809523
28.780410766601562 0.5461309523809523
28.780410766601562 0.5456349206349206
29.134521484375 0.5456349206349206
29.134521484375 0.3759920634920635
29.281333923339844 0.3759920634920635
29.281333923339844 0.37549603174603174
29.468421936035156 0.37549603174603174
29.468421936035156 0.37450396825396826
29.562122344970703 0.37450396825396826
29.562122344970703 0.373015873015873
30.05478286743164 0.373015873015873
30.05478286743164 0.3725198412698412
30.19515609741211 0.3725198412698412
30.19515609741211 0.3720238095238095
30.31250762939453 0.3720238095238095
30.31250762939453 0.37152777777777773
30.69241714477539 0.37152777777777773
30.69241714477539 0.371031746031746
30.722246170043945 0.371031746031746
30.722246170043945 0.3298611111111111
30.912141799926758 0.3298611111111111
30.912141799926758 0.32936507936507936
31.16632652282715 0.32936507936507936
31.16632652282715 0.32837301587301587
31.788488388061523 0.32837301587301587
31.788488388061523 0.32688492063492064
32.227516174316406 0.32688492063492064
32.227516174316406 0.3263888888888889
32.37107849121094 0.3263888888888889
32.37107849121094 0.32589285714285715
32.51850128173828 0.32589285714285715
32.51850128173828 0.32539682539682535
32.665550231933594 0.32539682539682535
32.665550231933594 0.3249007936507936
32.72728729248047 0.3249007936507936
32.72728729248047 0.32440476190476186
33.90762710571289 0.32440476190476186
33.90762710571289 0.3239087301587301
33.957427978515625 0.3239087301587301
33.957427978515625 0.3234126984126984
34.328819274902344 0.3234126984126984
34.328819274902344 0.32291666666666663
34.334632873535156 0.32291666666666663
34.334632873535156 0.3224206349206349
34.60728454589844 0.3224206349206349
34.60728454589844 0.30902777777777773
34.68907928466797 0.30902777777777773
34.68907928466797 0.308531746031746
35.14075469970703 0.308531746031746
35.14075469970703 0.3075396825396825
35.28541946411133 0.3075396825396825
35.28541946411133 0.30704365079365076
35.37844467163086 0.30704365079365076
35.37844467163086 0.306547619047619
35.426856994628906 0.306547619047619
35.426856994628906 0.30257936507936506
35.43623352050781 0.30257936507936506
35.43623352050781 0.3020833333333333
35.4520378112793 0.3020833333333333
35.4520378112793 0.29910714285714285
35.56682586669922 0.29910714285714285
35.56682586669922 0.2986111111111111
35.79167175292969 0.2986111111111111
35.79167175292969 0.29811507936507936
36.159278869628906 0.29811507936507936
36.159278869628906 0.2976190476190476
36.2989616394043 0.2976190476190476
36.2989616394043 0.29712301587301587
36.495094299316406 0.29712301587301587
36.495094299316406 0.29563492063492064
36.58888244628906 0.29563492063492064
36.58888244628906 0.2867063492063492
36.62062454223633 0.2867063492063492
36.62062454223633 0.28621031746031744
37.124351501464844 0.28621031746031744
37.124351501464844 0.27579365079365076
37.1879997253418 0.27579365079365076
37.1879997253418 0.275297619047619
37.60242462158203 0.275297619047619
37.60242462158203 0.27480158730158727
37.70250701904297 0.27480158730158727
37.70250701904297 0.2743055555555555
38.03776550292969 0.2743055555555555
38.03776550292969 0.2738095238095238
38.56526565551758 0.2738095238095238
38.56526565551758 0.27331349206349204
38.66694259643555 0.27331349206349204
38.66694259643555 0.2728174603174603
38.819549560546875 0.2728174603174603
38.819549560546875 0.27232142857142855
39.197357177734375 0.27232142857142855
39.197357177734375 0.2718253968253968
39.45151901245117 0.2718253968253968
39.45151901245117 0.27132936507936506
39.454315185546875 0.27132936507936506
39.454315185546875 0.2708333333333333
39.969425201416016 0.2708333333333333
39.969425201416016 0.27033730158730157
40.08939743041992 0.27033730158730157
40.08939743041992 0.2698412698412698
40.12772750854492 0.2698412698412698
40.12772750854492 0.2683531746031746
40.241336822509766 0.2683531746031746
40.241336822509766 0.26785714285714285
40.45775604248047 0.26785714285714285
40.45775604248047 0.2673611111111111
40.48332214355469 0.2673611111111111
40.48332214355469 0.2663690476190476
40.58846664428711 0.2663690476190476
40.58846664428711 0.26587301587301587
40.717010498046875 0.26587301587301587
40.717010498046875 0.26537698412698413
40.79979705810547 0.26537698412698413
40.79979705810547 0.2648809523809524
41.07719039916992 0.2648809523809524
41.07719039916992 0.26438492063492064
41.205291748046875 0.26438492063492064
41.205291748046875 0.2638888888888889
41.23125076293945 0.2638888888888889
41.23125076293945 0.26339285714285715
41.248321533203125 0.26339285714285715
41.248321533203125 0.25396825396825395
41.518394470214844 0.25396825396825395
41.518394470214844 0.2534722222222222
41.670494079589844 0.2534722222222222
41.670494079589844 0.25297619047619047
41.846771240234375 0.25297619047619047
41.846771240234375 0.23214285714285712
42.090476989746094 0.23214285714285712
42.090476989746094 0.23164682539682538
42.334373474121094 0.23164682539682538
42.334373474121094 0.23115079365079363
42.6212158203125 0.23115079365079363
42.6212158203125 0.2296626984126984
42.62959671020508 0.2296626984126984
42.62959671020508 0.22916666666666666
42.67483901977539 0.22916666666666666
42.67483901977539 0.2286706349206349
42.703643798828125 0.2286706349206349
42.703643798828125 0.22619047619047616
42.726016998291016 0.22619047619047616
42.726016998291016 0.22569444444444442
42.80316162109375 0.22569444444444442
42.80316162109375 0.22519841269841268
42.9517936706543 0.22519841269841268
42.9517936706543 0.22470238095238093
43.21980285644531 0.22470238095238093
43.21980285644531 0.22371031746031744
43.462913513183594 0.22371031746031744
43.462913513183594 0.2232142857142857
43.55166244506836 0.2232142857142857
43.55166244506836 0.22271825396825395
43.58426284790039 0.22271825396825395
43.58426284790039 0.2222222222222222
43.92638397216797 0.2222222222222222
43.92638397216797 0.22123015873015872
44.12773132324219 0.22123015873015872
44.12773132324219 0.22073412698412698
44.22118377685547 0.22073412698412698
44.22118377685547 0.22023809523809523
44.313575744628906 0.22023809523809523
44.313575744628906 0.2197420634920635
44.57371139526367 0.2197420634920635
44.57371139526367 0.21825396825396826
44.703643798828125 0.21825396825396826
44.703643798828125 0.21478174603174602
44.88454818725586 0.21478174603174602
44.88454818725586 0.21378968253968253
44.904624938964844 0.21378968253968253
44.904624938964844 0.21329365079365079
45.09040832519531 0.21329365079365079
45.09040832519531 0.21081349206349206
45.14121627807617 0.21081349206349206
45.14121627807617 0.2103174603174603
45.18717575073242 0.2103174603174603
45.18717575073242 0.20833333333333331
45.197486877441406 0.20833333333333331
45.197486877441406 0.20783730158730157
45.26050567626953 0.20783730158730157
45.26050567626953 0.20734126984126983
45.27845001220703 0.20734126984126983
45.27845001220703 0.20634920634920634
45.409881591796875 0.20634920634920634
45.409881591796875 0.2058531746031746
45.82215881347656 0.2058531746031746
45.82215881347656 0.20535714285714285
45.86296463012695 0.20535714285714285
45.86296463012695 0.2048611111111111
45.90168380737305 0.2048611111111111
45.90168380737305 0.20436507936507936
45.99549102783203 0.20436507936507936
45.99549102783203 0.20386904761904762
46.18254089355469 0.20386904761904762
46.18254089355469 0.20238095238095238
46.29220962524414 0.20238095238095238
46.29220962524414 0.1919642857142857
46.32655334472656 0.1919642857142857
46.32655334472656 0.19146825396825395
46.348106384277344 0.19146825396825395
46.348106384277344 0.18998015873015872
46.38159942626953 0.18998015873015872
46.38159942626953 0.18948412698412698
46.460838317871094 0.18948412698412698
46.460838317871094 0.18898809523809523
46.545753479003906 0.18898809523809523
46.545753479003906 0.1884920634920635
46.624351501464844 0.1884920634920635
46.624351501464844 0.18799603174603174
46.68966293334961 0.18799603174603174
46.68966293334961 0.18700396825396826
46.761871337890625 0.18700396825396826
46.761871337890625 0.1865079365079365
46.77859878540039 0.1865079365079365
46.77859878540039 0.185515873015873
46.83659362792969 0.185515873015873
46.83659362792969 0.18501984126984125
46.884620666503906 0.18501984126984125
46.884620666503906 0.18402777777777776
47.00184631347656 0.18402777777777776
47.00184631347656 0.18353174603174602
47.03489685058594 0.18353174603174602
47.03489685058594 0.18303571428571427
47.069313049316406 0.18303571428571427
47.069313049316406 0.1810515873015873
47.07887268066406 0.1810515873015873
47.07887268066406 0.17906746031746032
47.15751266479492 0.17906746031746032
47.15751266479492 0.17857142857142855
47.325504302978516 0.17857142857142855
47.325504302978516 0.1780753968253968
47.37289810180664 0.1780753968253968
47.37289810180664 0.17708333333333331
47.39427185058594 0.17708333333333331
47.39427185058594 0.17609126984126983
47.5064811706543 0.17609126984126983
47.5064811706543 0.17559523809523808
47.73307800292969 0.17559523809523808
47.73307800292969 0.1736111111111111
47.74531173706055 0.1736111111111111
47.74531173706055 0.17311507936507936
47.862953186035156 0.17311507936507936
47.862953186035156 0.17261904761904762
47.934776306152344 0.17261904761904762
47.934776306152344 0.17212301587301587
48.06965637207031 0.17212301587301587
48.06965637207031 0.17063492063492064
48.094364166259766 0.17063492063492064
48.094364166259766 0.17013888888888887
48.31664276123047 0.17013888888888887
48.31664276123047 0.16964285714285712
48.380924224853516 0.16964285714285712
48.380924224853516 0.16865079365079363
48.40764236450195 0.16865079365079363
48.40764236450195 0.1681547619047619
48.458526611328125 0.1681547619047619
48.458526611328125 0.16765873015873015
48.52812576293945 0.16765873015873015
48.52812576293945 0.1671626984126984
48.658538818359375 0.1671626984126984
48.658538818359375 0.16666666666666666
48.71421432495117 0.16666666666666666
48.71421432495117 0.1661706349206349
48.778594970703125 0.1661706349206349
48.778594970703125 0.16468253968253968
48.83430480957031 0.16468253968253968
48.83430480957031 0.16418650793650794
48.92457580566406 0.16418650793650794
48.92457580566406 0.1636904761904762
48.96573257446289 0.1636904761904762
48.96573257446289 0.16319444444444445
48.99847412109375 0.16319444444444445
48.99847412109375 0.16269841269841268
49.03546142578125 0.16269841269841268
49.03546142578125 0.16220238095238093
49.106163024902344 0.16220238095238093
49.106163024902344 0.1617063492063492
49.18180847167969 0.1617063492063492
49.18180847167969 0.16121031746031744
49.50471496582031 0.16121031746031744
49.50471496582031 0.1607142857142857
49.84467315673828 0.1607142857142857
49.84467315673828 0.16021825396825395
49.934776306152344 0.16021825396825395
49.934776306152344 0.1597222222222222
50.11321258544922 0.1597222222222222
50.11321258544922 0.15922619047619047
50.114715576171875 0.15922619047619047
50.114715576171875 0.15873015873015872
50.21482849121094 0.15873015873015872
50.21482849121094 0.15823412698412698
50.24360656738281 0.15823412698412698
50.24360656738281 0.1572420634920635
50.42539978027344 0.1572420634920635
50.42539978027344 0.15674603174603174
50.48434066772461 0.15674603174603174
50.48434066772461 0.15625
50.55329132080078 0.15625
50.55329132080078 0.15575396825396826
50.55957794189453 0.15575396825396826
50.55957794189453 0.154265873015873
50.70109939575195 0.154265873015873
50.70109939575195 0.15277777777777776
50.77912902832031 0.15277777777777776
50.77912902832031 0.15228174603174602
50.814300537109375 0.15228174603174602
50.814300537109375 0.15178571428571427
50.83415222167969 0.15178571428571427
50.83415222167969 0.15128968253968253
50.95130920410156 0.15128968253968253
50.95130920410156 0.15079365079365079
50.999786376953125 0.15079365079365079
50.999786376953125 0.15029761904761904
51.050010681152344 0.15029761904761904
51.050010681152344 0.1498015873015873
51.239498138427734 0.1498015873015873
51.239498138427734 0.14930555555555555
51.33079147338867 0.14930555555555555
51.33079147338867 0.14831349206349206
51.36198425292969 0.14831349206349206
51.36198425292969 0.14781746031746032
51.71089172363281 0.14781746031746032
51.71089172363281 0.14732142857142858
51.76591491699219 0.14732142857142858
51.76591491699219 0.1468253968253968
51.85842514038086 0.1468253968253968
51.85842514038086 0.14632936507936506
51.89897537231445 0.14632936507936506
51.89897537231445 0.14484126984126983
51.91219711303711 0.14484126984126983
51.91219711303711 0.14434523809523808
51.9156379699707 0.14434523809523808
51.9156379699707 0.14384920634920634
52.00321960449219 0.14384920634920634
52.00321960449219 0.1433531746031746
52.04673767089844 0.1433531746031746
52.04673767089844 0.14285714285714285
52.04912185668945 0.14285714285714285
52.04912185668945 0.14087301587301587
52.23551940917969 0.14087301587301587
52.23551940917969 0.13938492063492064
52.24391174316406 0.13938492063492064
52.24391174316406 0.1388888888888889
52.29570770263672 0.1388888888888889
52.29570770263672 0.13839285714285712
52.3827018737793 0.13839285714285712
52.3827018737793 0.13789682539682538
52.39472198486328 0.13789682539682538
52.39472198486328 0.1369047619047619
52.670223236083984 0.1369047619047619
52.670223236083984 0.1359126984126984
52.72653579711914 0.1359126984126984
52.72653579711914 0.13541666666666666
52.80908966064453 0.13541666666666666
52.80908966064453 0.1349206349206349
52.819183349609375 0.1349206349206349
52.819183349609375 0.13442460317460317
52.9604377746582 0.13442460317460317
52.9604377746582 0.13392857142857142
53.07851791381836 0.13392857142857142
53.07851791381836 0.13343253968253968
53.14459228515625 0.13343253968253968
53.14459228515625 0.13293650793650794
53.413902282714844 0.13293650793650794
53.413902282714844 0.1324404761904762
53.441627502441406 0.1324404761904762
53.441627502441406 0.13194444444444445
53.575347900390625 0.13194444444444445
53.575347900390625 0.1314484126984127
53.60389709472656 0.1314484126984127
53.60389709472656 0.13095238095238093
53.85498809814453 0.13095238095238093
53.85498809814453 0.1304563492063492
54.10166931152344 0.1304563492063492
54.10166931152344 0.12896825396825395
54.173118591308594 0.12896825396825395
54.173118591308594 0.1284722222222222
54.255123138427734 0.1284722222222222
54.255123138427734 0.12797619047619047
54.32537078857422 0.12797619047619047
54.32537078857422 0.12748015873015872
54.44933319091797 0.12748015873015872
54.44933319091797 0.12698412698412698
54.619300842285156 0.12698412698412698
54.619300842285156 0.12648809523809523
54.698265075683594 0.12648809523809523
54.698265075683594 0.1259920634920635
55.05255889892578 0.1259920634920635
55.05255889892578 0.12549603174603174
55.31236267089844 0.12549603174603174
55.31236267089844 0.125
55.369544982910156 0.125
55.369544982910156 0.12450396825396824
55.39628982543945 0.12450396825396824
55.39628982543945 0.1240079365079365
55.412925720214844 0.1240079365079365
55.412925720214844 0.12351190476190475
55.4808235168457 0.12351190476190475
55.4808235168457 0.12301587301587301
55.66177749633789 0.12301587301587301
55.66177749633789 0.12251984126984126
55.83610534667969 0.12251984126984126
55.83610534667969 0.12202380952380952
56.12726593017578 0.12202380952380952
56.12726593017578 0.12152777777777778
56.20768737792969 0.12152777777777778
56.20768737792969 0.12103174603174602
56.280460357666016 0.12103174603174602
56.280460357666016 0.12053571428571427
56.37825393676758 0.12053571428571427
56.37825393676758 0.12003968253968253
56.40526580810547 0.12003968253968253
56.40526580810547 0.11954365079365079
56.511234283447266 0.11954365079365079
56.511234283447266 0.1185515873015873
56.713653564453125 0.1185515873015873
56.713653564453125 0.11805555555555555
56.716224670410156 0.11805555555555555
56.716224670410156 0.11755952380952381
56.793243408203125 0.11755952380952381
56.793243408203125 0.11706349206349206
56.845298767089844 0.11706349206349206
56.845298767089844 0.1165674603174603
57.18513107299805 0.1165674603174603
57.18513107299805 0.11607142857142856
57.260616302490234 0.11607142857142856
57.260616302490234 0.11557539682539682
57.28117370605469 0.11557539682539682
57.28117370605469 0.11309523809523808
57.67042541503906 0.11309523809523808
57.67042541503906 0.11259920634920634
57.758785247802734 0.11259920634920634
57.758785247802734 0.1121031746031746
57.767425537109375 0.1121031746031746
57.767425537109375 0.11160714285714285
57.81650161743164 0.11160714285714285
57.81650161743164 0.1111111111111111
57.818077087402344 0.1111111111111111
57.818077087402344 0.11061507936507936
57.82930374145508 0.11061507936507936
57.82930374145508 0.11011904761904762
58.02305221557617 0.11011904761904762
58.02305221557617 0.10962301587301587
58.08081817626953 0.10962301587301587
58.08081817626953 0.10912698412698413
58.833251953125 0.10912698412698413
58.833251953125 0.10813492063492063
59.159976959228516 0.10813492063492063
59.159976959228516 0.10763888888888888
59.309146881103516 0.10763888888888888
59.309146881103516 0.10714285714285714
59.357181549072266 0.10714285714285714
59.357181549072266 0.10664682539682539
59.531253814697266 0.10664682539682539
59.531253814697266 0.10615079365079365
59.537940979003906 0.10615079365079365
59.537940979003906 0.10367063492063491
59.61338806152344 0.10367063492063491
59.61338806152344 0.10317460317460317
59.97320556640625 0.10317460317460317
59.97320556640625 0.10267857142857142
60.12178421020508 0.10267857142857142
60.12178421020508 0.10218253968253968
60.249359130859375 0.10218253968253968
60.249359130859375 0.10168650793650794
60.25348663330078 0.10168650793650794
60.25348663330078 0.09970238095238095
60.44916915893555 0.09970238095238095
60.44916915893555 0.0992063492063492
61.043373107910156 0.0992063492063492
61.043373107910156 0.09722222222222221
61.044227600097656 0.09722222222222221
61.044227600097656 0.09672619047619047
61.282630920410156 0.09672619047619047
61.282630920410156 0.09523809523809523
61.36479187011719 0.09523809523809523
61.36479187011719 0.09474206349206349
61.3690071105957 0.09474206349206349
61.3690071105957 0.09424603174603174
61.40747833251953 0.09424603174603174
61.40747833251953 0.09375
61.41864776611328 0.09375
61.41864776611328 0.09325396825396826
61.730316162109375 0.09325396825396826
61.730316162109375 0.0927579365079365
61.73045349121094 0.0927579365079365
61.73045349121094 0.08978174603174603
62.012672424316406 0.08978174603174603
62.012672424316406 0.08928571428571427
62.37458038330078 0.08928571428571427
62.37458038330078 0.08878968253968253
62.649986267089844 0.08878968253968253
62.649986267089844 0.08680555555555555
62.860260009765625 0.08680555555555555
62.860260009765625 0.08630952380952381
63.13985061645508 0.08630952380952381
63.13985061645508 0.08581349206349206
63.17414093017578 0.08581349206349206
63.17414093017578 0.08531746031746032
63.51108932495117 0.08531746031746032
63.51108932495117 0.08482142857142856
63.54196548461914 0.08482142857142856
63.54196548461914 0.08432539682539682
63.722747802734375 0.08432539682539682
63.722747802734375 0.08333333333333333
64.11875915527344 0.08333333333333333
64.11875915527344 0.08283730158730158
64.26994323730469 0.08283730158730158
64.26994323730469 0.08234126984126984
64.29695129394531 0.08234126984126984
64.29695129394531 0.0818452380952381
64.38380432128906 0.0818452380952381
64.38380432128906 0.08134920634920634
64.5958251953125 0.08134920634920634
64.5958251953125 0.0808531746031746
64.63200378417969 0.0808531746031746
64.63200378417969 0.08035714285714285
64.7274398803711 0.08035714285714285
64.7274398803711 0.0798611111111111
64.7462387084961 0.0798611111111111
64.7462387084961 0.07936507936507936
65.05255889892578 0.07936507936507936
65.05255889892578 0.07787698412698413
65.08721923828125 0.07787698412698413
65.08721923828125 0.07738095238095238
65.27432250976562 0.07738095238095238
65.27432250976562 0.07688492063492063
65.33332824707031 0.07688492063492063
65.33332824707031 0.07638888888888888
65.3848876953125 0.07638888888888888
65.3848876953125 0.0734126984126984
65.48193359375 0.0734126984126984
65.48193359375 0.07291666666666666
65.50819396972656 0.07291666666666666
65.50819396972656 0.07192460317460317
65.63121032714844 0.07192460317460317
65.63121032714844 0.07142857142857142
65.66278076171875 0.07142857142857142
65.66278076171875 0.07043650793650794
65.66451263427734 0.07043650793650794
65.66451263427734 0.06944444444444445
65.7376708984375 0.06944444444444445
65.7376708984375 0.06894841269841269
65.74746704101562 0.06894841269841269
65.74746704101562 0.06845238095238095
65.83961486816406 0.06845238095238095
65.83961486816406 0.0679563492063492
65.84587860107422 0.0679563492063492
65.84587860107422 0.06746031746031746
65.94839477539062 0.06746031746031746
65.94839477539062 0.06696428571428571
66.09466552734375 0.06696428571428571
66.09466552734375 0.06646825396825397
66.17485046386719 0.06646825396825397
66.17485046386719 0.06547619047619047
66.3095703125 0.06547619047619047
66.3095703125 0.06498015873015872
66.33676147460938 0.06498015873015872
66.33676147460938 0.06448412698412698
66.33983612060547 0.06448412698412698
66.33983612060547 0.06398809523809523
66.42105102539062 0.06398809523809523
66.42105102539062 0.06299603174603174
66.52564239501953 0.06299603174603174
66.52564239501953 0.0625
66.55203247070312 0.0625
66.55203247070312 0.06200396825396825
66.58195495605469 0.06200396825396825
66.58195495605469 0.06101190476190476
66.59870910644531 0.06101190476190476
66.59870910644531 0.06051587301587301
66.88346862792969 0.06051587301587301
66.88346862792969 0.060019841269841265
66.90587615966797 0.060019841269841265
66.90587615966797 0.05654761904761904
67.53795623779297 0.05654761904761904
67.53795623779297 0.0560515873015873
67.80905151367188 0.0560515873015873
67.80905151367188 0.05555555555555555
67.85147094726562 0.05555555555555555
67.85147094726562 0.05505952380952381
68.03579711914062 0.05505952380952381
68.03579711914062 0.054563492063492064
68.0539321899414 0.054563492063492064
68.0539321899414 0.05406746031746031
68.16304016113281 0.05406746031746031
68.16304016113281 0.05357142857142857
68.20142364501953 0.05357142857142857
68.20142364501953 0.053075396825396824
68.22760009765625 0.053075396825396824
68.22760009765625 0.05257936507936507
68.69841766357422 0.05257936507936507
68.69841766357422 0.05208333333333333
68.71087646484375 0.05208333333333333
68.71087646484375 0.051587301587301584
68.71774291992188 0.051587301587301584
68.71774291992188 0.05109126984126984
68.72450256347656 0.05109126984126984
68.72450256347656 0.050595238095238096
68.93089294433594 0.050595238095238096
68.93089294433594 0.050099206349206345
68.96956634521484 0.050099206349206345
68.96956634521484 0.049107142857142856
69.49969482421875 0.049107142857142856
69.49969482421875 0.048611111111111105
69.50462341308594 0.048611111111111105
69.50462341308594 0.04811507936507936
69.5082778930664 0.04811507936507936
69.5082778930664 0.047619047619047616
69.83357238769531 0.047619047619047616
69.83357238769531 0.04712301587301587
69.8648681640625 0.04712301587301587
69.8648681640625 0.04662698412698413
69.87342834472656 0.04662698412698413
69.87342834472656 0.04613095238095238
70.07560729980469 0.04613095238095238
70.07560729980469 0.04563492063492063
70.10003662109375 0.04563492063492063
70.10003662109375 0.04513888888888889
70.1071548461914 0.04513888888888889
70.1071548461914 0.04464285714285714
70.2717056274414 0.04464285714285714
70.2717056274414 0.04414682539682539
70.36209106445312 0.04414682539682539
70.36209106445312 0.04365079365079365
70.41769409179688 0.04365079365079365
70.41769409179688 0.04265873015873016
70.4288330078125 0.04265873015873016
70.4288330078125 0.04216269841269841
70.44334411621094 0.04216269841269841
70.44334411621094 0.041666666666666664
70.50048828125 0.041666666666666664
70.50048828125 0.04117063492063492
70.70819091796875 0.04117063492063492
70.70819091796875 0.04067460317460317
70.77212524414062 0.04067460317460317
70.77212524414062 0.040178571428571425
70.86346435546875 0.040178571428571425
70.86346435546875 0.03968253968253968
70.8697738647461 0.03968253968253968
70.8697738647461 0.03869047619047619
70.94060516357422 0.03869047619047619
70.94060516357422 0.03819444444444444
71.10780334472656 0.03819444444444444
71.10780334472656 0.037698412698412696
71.31251525878906 0.037698412698412696
71.31251525878906 0.03720238095238095
71.40988159179688 0.03720238095238095
71.40988159179688 0.0367063492063492
71.49195861816406 0.0367063492063492
71.49195861816406 0.03621031746031746
71.49888610839844 0.03621031746031746
71.49888610839844 0.03571428571428571
71.82221984863281 0.03571428571428571
71.82221984863281 0.034722222222222224
71.91087341308594 0.034722222222222224
71.91087341308594 0.03422619047619047
71.92623138427734 0.03422619047619047
71.92623138427734 0.03373015873015873
71.98110961914062 0.03373015873015873
71.98110961914062 0.033234126984126984
72.22235107421875 0.033234126984126984
72.22235107421875 0.03273809523809523
72.34483337402344 0.03273809523809523
72.34483337402344 0.03224206349206349
72.3695068359375 0.03224206349206349
72.3695068359375 0.031746031746031744
72.38072204589844 0.031746031746031744
72.38072204589844 0.03125
72.56487274169922 0.03125
72.56487274169922 0.030753968253968252
72.64926147460938 0.030753968253968252
72.64926147460938 0.030257936507936505
72.79777526855469 0.030257936507936505
72.79777526855469 0.02976190476190476
73.27491760253906 0.02976190476190476
73.27491760253906 0.029265873015873016
73.28974914550781 0.029265873015873016
73.28974914550781 0.028769841269841268
73.49329376220703 0.028769841269841268
73.49329376220703 0.02827380952380952
73.53155517578125 0.02827380952380952
73.53155517578125 0.027777777777777776
73.81182861328125 0.027777777777777776
73.81182861328125 0.027281746031746032
73.99192810058594 0.027281746031746032
73.99192810058594 0.025793650793650792
74.0 0.025793650793650792
74.0 0.025297619047619048
74.29103088378906 0.025297619047619048
74.29103088378906 0.0248015873015873
74.59676361083984 0.0248015873015873
74.59676361083984 0.024305555555555552
74.6112060546875 0.024305555555555552
74.6112060546875 0.023809523809523808
74.6654052734375 0.023809523809523808
74.6654052734375 0.022817460317460316
74.9486312866211 0.022817460317460316
74.9486312866211 0.02232142857142857
75.51654052734375 0.02232142857142857
75.51654052734375 0.02132936507936508
75.55915832519531 0.02132936507936508
75.55915832519531 0.020833333333333332
75.56464385986328 0.020833333333333332
75.56464385986328 0.019345238095238096
75.87417602539062 0.019345238095238096
75.87417602539062 0.018849206349206348
76.0443344116211 0.018849206349206348
76.0443344116211 0.0183531746031746
76.08174133300781 0.0183531746031746
76.08174133300781 0.017857142857142856
76.45098114013672 0.017857142857142856
76.45098114013672 0.017361111111111112
76.56260681152344 0.017361111111111112
76.56260681152344 0.016369047619047616
77.38893127441406 0.016369047619047616
77.38893127441406 0.015873015873015872
77.45877075195312 0.015873015873015872
77.45877075195312 0.015376984126984126
78.31855010986328 0.015376984126984126
78.31855010986328 0.01488095238095238
78.48206329345703 0.01488095238095238
78.48206329345703 0.014384920634920634
78.63796997070312 0.014384920634920634
78.63796997070312 0.013888888888888888
78.9765396118164 0.013888888888888888
78.9765396118164 0.013392857142857142
79.01334381103516 0.013392857142857142
79.01334381103516 0.012896825396825396
79.50358581542969 0.012896825396825396
79.50358581542969 0.01240079365079365
79.71888732910156 0.01240079365079365
79.71888732910156 0.011904761904761904
79.74553680419922 0.011904761904761904
79.74553680419922 0.011408730158730158
79.88648986816406 0.011408730158730158
79.88648986816406 0.010912698412698412
80.02470397949219 0.010912698412698412
80.02470397949219 0.010416666666666666
80.56884002685547 0.010416666666666666
80.56884002685547 0.00992063492063492
80.6034927368164 0.00992063492063492
80.6034927368164 0.009424603174603174
80.89588928222656 0.009424603174603174
80.89588928222656 0.008928571428571428
82.11185455322266 0.008928571428571428
82.11185455322266 0.008432539682539682
82.27364349365234 0.008432539682539682
82.27364349365234 0.007936507936507936
82.42460632324219 0.007936507936507936
82.42460632324219 0.00744047619047619
83.21965026855469 0.00744047619047619
83.21965026855469 0.006944444444444444
83.25956726074219 0.006944444444444444
83.25956726074219 0.006448412698412698
83.49104309082031 0.006448412698412698
83.49104309082031 0.005952380952380952
84.89784240722656 0.005952380952380952
84.89784240722656 0.005456349206349206
85.5545425415039 0.005456349206349206
85.5545425415039 0.00496031746031746
87.890869140625 0.00496031746031746
87.890869140625 0.004464285714285714
88.54292297363281 0.004464285714285714
88.54292297363281 0.003968253968253968
91.34976196289062 0.003968253968253968
91.34976196289062 0.003472222222222222
91.59185028076172 0.003472222222222222
91.59185028076172 0.002976190476190476
96.06777954101562 0.002976190476190476
96.06777954101562 0.00248015873015873
96.42150115966797 0.00248015873015873
96.42150115966797 0.001984126984126984
97.16573333740234 0.001984126984126984
97.16573333740234 0.001488095238095238
97.64369201660156 0.001488095238095238
97.64369201660156 0.000992063492063492
98.84860229492188 0.000992063492063492
98.84860229492188 0.000496031746031746
187.5 0.000496031746031746
187.5 0.0
188.5 0
