x y
0.0 0.9970238095238094
0.0 0.9970238095238094
1.2763266563415527 0.9970238095238094
1.2763266563415527 0.9965277777777777
1.3438031673431396 0.9965277777777777
1.3438031673431396 0.9960317460317459
1.9867572784423828 0.9960317460317459
1.9867572784423828 0.9955357142857142
2.7506117820739746 0.9955357142857142
2.7506117820739746 0.9950396825396824
3.5769481658935547 0.9950396825396824
3.5769481658935547 0.9945436507936507
3.973231792449951 0.9945436507936507
3.973231792449951 0.9935515873015872
4.546221733093262 0.9935515873015872
4.546221733093262 0.9930555555555555
4.553277969360352 0.9930555555555555
4.553277969360352 0.9890873015873015
4.603281497955322 0.9890873015873015
4.603281497955322 0.988095238095238
5.05360221862793 0.988095238095238
5.05360221862793 0.9702380952380952
5.624899864196777 0.9702380952380952
5.624899864196777 0.96875
5.864343643188477 0.96875
5.864343643188477 0.9682539682539681
5.975637912750244 0.9682539682539681
5.975637912750244 0.9677579365079364
6.121517181396484 0.9677579365079364
6.121517181396484 0.9642857142857142
6.1635661125183105 0.9642857142857142
6.1635661125183105 0.962797619047619
6.317481994628906 0.962797619047619
6.317481994628906 0.9623015873015872
6.533411502838135 0.9623015873015872
6.533411502838135 0.9618055555555555
6.584662437438965 0.9618055555555555
6.584662437438965 0.9613095238095237
6.682491302490234 0.9613095238095237
6.682491302490234 0.960813492063492
6.894566535949707 0.960813492063492
6.894566535949707 0.9558531746031745
7.007903575897217 0.9558531746031745
7.007903575897217 0.9553571428571428
7.017845630645752 0.9553571428571428
7.017845630645752 0.954861111111111
7.189447402954102 0.954861111111111
7.189447402954102 0.9543650793650793
7.260792255401611 0.9543650793650793
7.260792255401611 0.9538690476190476
7.468639850616455 0.9538690476190476
7.468639850616455 0.9533730158730158
8.125856399536133 0.9533730158730158
8.125856399536133 0.9528769841269841
8.425300598144531 0.9528769841269841
8.425300598144531 0.9424603174603174
8.581380844116211 0.9424603174603174
8.581380844116211 0.941468253968254
8.617630958557129 0.941468253968254
8.617630958557129 0.9404761904761905
8.668416976928711 0.9404761904761905
8.668416976928711 0.9389880952380952
8.678814888000488 0.9389880952380952
8.678814888000488 0.8978174603174602
8.894660949707031 0.8978174603174602
8.894660949707031 0.8928571428571428
8.93022346496582 0.8928571428571428
8.93022346496582 0.892361111111111
8.943452835083008 0.892361111111111
8.943452835083008 0.7569444444444444
9.729467391967773 0.7569444444444444
9.729467391967773 0.7564484126984127
9.86369514465332 0.7564484126984127
9.86369514465332 0.7524801587301587
10.319656372070312 0.7524801587301587
10.319656372070312 0.751984126984127
10.362552642822266 0.751984126984127
10.362552642822266 0.7490079365079365
10.3978271484375 0.7490079365079365
10.3978271484375 0.7415674603174602
10.43307876586914 0.7415674603174602
10.43307876586914 0.7410714285714285
10.466316223144531 0.7410714285714285
10.466316223144531 0.7405753968253967
10.748101234436035 0.7405753968253967
10.748101234436035 0.740079365079365
10.874656677246094 0.740079365079365
10.874656677246094 0.7385912698412698
11.182010650634766 0.7385912698412698
11.182010650634766 0.738095238095238
11.317882537841797 0.738095238095238
11.317882537841797 0.6865079365079365
11.43454360961914 0.6865079365079365
11.43454360961914 0.6860119047619048
11.471850395202637 0.6860119047619048
11.471850395202637 0.6850198412698413
11.548187255859375 0.6850198412698413
11.548187255859375 0.683531746031746
11.566755294799805 0.683531746031746
11.566755294799805 0.6830357142857143
11.685866355895996 0.6830357142857143
11.685866355895996 0.6825396825396826
11.692895889282227 0.6825396825396826
11.692895889282227 0.6820436507936507
11.700460433959961 0.6820436507936507
11.700460433959961 0.681547619047619
11.74176025390625 0.681547619047619
11.74176025390625 0.6800595238095237
11.838425636291504 0.6800595238095237
11.838425636291504 0.679563492063492
11.917200088500977 0.679563492063492
11.917200088500977 0.6770833333333333
11.969364166259766 0.6770833333333333
11.969364166259766 0.6468253968253967
12.056731224060059 0.6468253968253967
12.056731224060059 0.646329365079365
12.067275047302246 0.646329365079365
12.067275047302246 0.6453373015873015
12.072519302368164 0.6453373015873015
12.072519302368164 0.6279761904761905
12.100214004516602 0.6279761904761905
12.100214004516602 0.626984126984127
12.137275695800781 0.626984126984127
12.137275695800781 0.6254960317460317
12.13772964477539 0.6254960317460317
12.13772964477539 0.6225198412698413
12.215137481689453 0.6225198412698413
12.215137481689453 0.6215277777777778
12.302329063415527 0.6215277777777778
12.302329063415527 0.589781746031746
12.390613555908203 0.589781746031746
12.390613555908203 0.5892857142857143
12.444242477416992 0.5892857142857143
12.444242477416992 0.5887896825396826
12.723567962646484 0.5887896825396826
12.723567962646484 0.5882936507936508
12.80099105834961 0.5882936507936508
12.80099105834961 0.5877976190476191
12.811515808105469 0.5877976190476191
12.811515808105469 0.5873015873015872
12.848352432250977 0.5873015873015872
12.848352432250977 0.5803571428571428
12.941045761108398 0.5803571428571428
12.941045761108398 0.579861111111111
13.012678146362305 0.579861111111111
13.012678146362305 0.5793650793650793
13.116789817810059 0.5793650793650793
13.116789817810059 0.5788690476190476
13.218338012695312 0.5788690476190476
13.218338012695312 0.5783730158730158
13.250843048095703 0.5783730158730158
13.250843048095703 0.4087301587301587
13.565744400024414 0.4087301587301587
13.565744400024414 0.40476190476190477
13.61693000793457 0.40476190476190477
13.61693000793457 0.3864087301587301
13.79858112335205 0.3864087301587301
13.79858112335205 0.3859126984126984
13.799209594726562 0.3859126984126984
13.799209594726562 0.38541666666666663
14.233304023742676 0.38541666666666663
14.233304023742676 0.38442460317460314
14.328092575073242 0.38442460317460314
14.328092575073242 0.38244047619047616
14.360138893127441 0.38244047619047616
14.360138893127441 0.3794642857142857
14.511953353881836 0.3794642857142857
14.511953353881836 0.37797619047619047
14.577261924743652 0.37797619047619047
14.577261924743652 0.3759920634920635
14.790786743164062 0.3759920634920635
14.790786743164062 0.37351190476190477
14.854841232299805 0.37351190476190477
14.854841232299805 0.373015873015873
14.98785400390625 0.373015873015873
14.98785400390625 0.3725198412698412
15.210466384887695 0.3725198412698412
15.210466384887695 0.3720238095238095
15.237732887268066 0.3720238095238095
15.237732887268066 0.37152777777777773
15.300752639770508 0.37152777777777773
15.300752639770508 0.3576388888888889
15.341405868530273 0.3576388888888889
15.341405868530273 0.3571428571428571
15.471952438354492 0.3571428571428571
15.471952438354492 0.35664682539682535
15.538686752319336 0.35664682539682535
15.538686752319336 0.3561507936507936
15.6088285446167 0.3561507936507936
15.6088285446167 0.3546626984126984
15.614126205444336 0.3546626984126984
15.614126205444336 0.35416666666666663
15.744852066040039 0.35416666666666663
15.744852066040039 0.3482142857142857
15.910314559936523 0.3482142857142857
15.910314559936523 0.34771825396825395
15.911638259887695 0.34771825396825395
15.911638259887695 0.3462301587301587
15.928702354431152 0.3462301587301587
15.928702354431152 0.345734126984127
15.988100051879883 0.345734126984127
15.988100051879883 0.34523809523809523
16.261226654052734 0.34523809523809523
16.261226654052734 0.3447420634920635
16.34357261657715 0.3447420634920635
16.34357261657715 0.3427579365079365
16.500518798828125 0.3427579365079365
16.500518798828125 0.34226190476190477
16.510892868041992 0.34226190476190477
16.510892868041992 0.341765873015873
16.605228424072266 0.341765873015873
16.605228424072266 0.3412698412698413
16.692729949951172 0.3412698412698413
16.692729949951172 0.3407738095238095
17.098522186279297 0.3407738095238095
17.098522186279297 0.34027777777777773
17.14254379272461 0.34027777777777773
17.14254379272461 0.339781746031746
17.200807571411133 0.339781746031746
17.200807571411133 0.33928571428571425
17.430816650390625 0.33928571428571425
17.430816650390625 0.33829365079365076
17.493703842163086 0.33829365079365076
17.493703842163086 0.337797619047619
17.69179916381836 0.337797619047619
17.69179916381836 0.33730158730158727
17.878406524658203 0.33730158730158727
17.878406524658203 0.3368055555555555
17.913164138793945 0.3368055555555555
17.913164138793945 0.3343253968253968
17.983474731445312 0.3343253968253968
17.983474731445312 0.33382936507936506
18.022029876708984 0.33382936507936506
18.022029876708984 0.3333333333333333
18.08102798461914 0.3333333333333333
18.08102798461914 0.33283730158730157
18.134302139282227 0.33283730158730157
18.134302139282227 0.3323412698412698
18.148338317871094 0.3323412698412698
18.148338317871094 0.3318452380952381
18.17034912109375 0.3318452380952381
18.17034912109375 0.3308531746031746
18.210704803466797 0.3308531746031746
18.210704803466797 0.33035714285714285
18.51373291015625 0.33035714285714285
18.51373291015625 0.3169642857142857
18.651460647583008 0.3169642857142857
18.651460647583008 0.31299603174603174
18.80133819580078 0.31299603174603174
18.80133819580078 0.3125
19.14249610900879 0.3125
19.14249610900879 0.31200396825396826
19.362564086914062 0.31200396825396826
19.362564086914062 0.3115079365079365
19.431612014770508 0.3115079365079365
19.431612014770508 0.31101190476190477
19.473648071289062 0.31101190476190477
19.473648071289062 0.310515873015873
19.497804641723633 0.310515873015873
19.497804641723633 0.3100198412698413
19.645103454589844 0.3100198412698413
19.645103454589844 0.30952380952380953
19.77902603149414 0.30952380952380953
19.77902603149414 0.30803571428571425
19.988037109375 0.30803571428571425
19.988037109375 0.3075396825396825
20.001562118530273 0.3075396825396825
20.001562118530273 0.29712301587301587
20.07703399658203 0.29712301587301587
20.07703399658203 0.29563492063492064
20.234220504760742 0.29563492063492064
20.234220504760742 0.2951388888888889
20.23473358154297 0.2951388888888889
20.23473358154297 0.29464285714285715
20.329137802124023 0.29464285714285715
20.329137802124023 0.2941468253968254
20.33206558227539 0.2941468253968254
20.33206558227539 0.2936507936507936
20.382747650146484 0.2936507936507936
20.382747650146484 0.2847222222222222
20.434814453125 0.2847222222222222
20.434814453125 0.28422619047619047
20.453718185424805 0.28422619047619047
20.453718185424805 0.2837301587301587
20.62261962890625 0.2837301587301587
20.62261962890625 0.283234126984127
20.66391372680664 0.283234126984127
20.66391372680664 0.28273809523809523
20.686120986938477 0.28273809523809523
20.686120986938477 0.2822420634920635
21.088647842407227 0.2822420634920635
21.088647842407227 0.28174603174603174
21.191238403320312 0.28174603174603174
21.191238403320312 0.28125
21.339252471923828 0.28125
21.339252471923828 0.28075396825396826
21.7558536529541 0.28075396825396826
21.7558536529541 0.2802579365079365
21.9254150390625 0.2802579365079365
21.9254150390625 0.27976190476190477
21.93288803100586 0.27976190476190477
21.93288803100586 0.279265873015873
21.960031509399414 0.279265873015873
21.960031509399414 0.2787698412698413
21.969465255737305 0.2787698412698413
21.969465255737305 0.27827380952380953
22.25225830078125 0.27827380952380953
22.25225830078125 0.275297619047619
22.48710823059082 0.275297619047619
22.48710823059082 0.27480158730158727
23.019697189331055 0.27480158730158727
23.019697189331055 0.2738095238095238
23.109642028808594 0.2738095238095238
23.109642028808594 0.27331349206349204
23.16171646118164 0.27331349206349204
23.16171646118164 0.2728174603174603
23.179737091064453 0.2728174603174603
23.179737091064453 0.27232142857142855
23.370464324951172 0.27232142857142855
23.370464324951172 0.2718253968253968
23.6311092376709 0.2718253968253968
23.6311092376709 0.27132936507936506
23.67221450805664 0.27132936507936506
23.67221450805664 0.2708333333333333
23.773040771484375 0.2708333333333333
23.773040771484375 0.27033730158730157
23.878494262695312 0.27033730158730157
23.878494262695312 0.2698412698412698
24.045894622802734 0.2698412698412698
24.045894622802734 0.2693452380952381
24.058452606201172 0.2693452380952381
24.058452606201172 0.26884920634920634
24.190670013427734 0.26884920634920634
24.190670013427734 0.26785714285714285
24.373966217041016 0.26785714285714285
24.373966217041016 0.2673611111111111
24.407630920410156 0.2673611111111111
24.407630920410156 0.26686507936507936
24.587421417236328 0.26686507936507936
24.587421417236328 0.2663690476190476
24.660614013671875 0.2663690476190476
24.660614013671875 0.26587301587301587
24.83988380432129 0.26587301587301587
24.83988380432129 0.26537698412698413
24.87240982055664 0.26537698412698413
24.87240982055664 0.2648809523809524
24.892459869384766 0.2648809523809524
24.892459869384766 0.26339285714285715
24.91445541381836 0.26339285714285715
24.91445541381836 0.2628968253968254
24.943103790283203 0.2628968253968254
24.943103790283203 0.26240079365079366
25.005327224731445 0.26240079365079366
25.005327224731445 0.26190476190476186
25.20162582397461 0.26190476190476186
25.20162582397461 0.2609126984126984
25.208641052246094 0.2609126984126984
25.208641052246094 0.26041666666666663
25.30741310119629 0.26041666666666663
25.30741310119629 0.25843253968253965
25.348337173461914 0.25843253968253965
25.348337173461914 0.2579365079365079
25.618019104003906 0.2579365079365079
25.618019104003906 0.25744047619047616
25.66747283935547 0.25744047619047616
25.66747283935547 0.2569444444444444
25.939912796020508 0.2569444444444444
25.939912796020508 0.2554563492063492
25.955093383789062 0.2554563492063492
25.955093383789062 0.25496031746031744
25.97722053527832 0.25496031746031744
25.97722053527832 0.2524801587301587
25.98516082763672 0.2524801587301587
25.98516082763672 0.251984126984127
26.001346588134766 0.251984126984127
26.001346588134766 0.25148809523809523
26.01572036743164 0.25148809523809523
26.01572036743164 0.2509920634920635
26.097400665283203 0.2509920634920635
26.097400665283203 0.25049603174603174
26.098613739013672 0.25049603174603174
26.098613739013672 0.25
26.122665405273438 0.25
26.122665405273438 0.24950396825396823
26.2025203704834 0.24950396825396823
26.2025203704834 0.2470238095238095
26.475627899169922 0.2470238095238095
26.475627899169922 0.24652777777777776
26.533432006835938 0.24652777777777776
26.533432006835938 0.24603174603174602
26.597352981567383 0.24603174603174602
26.597352981567383 0.23660714285714285
26.615928649902344 0.23660714285714285
26.615928649902344 0.2361111111111111
26.72788429260254 0.2361111111111111
26.72788429260254 0.23561507936507936
26.848648071289062 0.23561507936507936
26.848648071289062 0.23511904761904762
26.860916137695312 0.23511904761904762
26.860916137695312 0.23462301587301587
26.90087127685547 0.23462301587301587
26.90087127685547 0.21378968253968253
26.96639060974121 0.21378968253968253
26.96639060974121 0.21329365079365079
26.98956871032715 0.21329365079365079
26.98956871032715 0.21279761904761904
27.090789794921875 0.21279761904761904
27.090789794921875 0.21180555555555555
27.104415893554688 0.21180555555555555
27.104415893554688 0.2113095238095238
27.119935989379883 0.2113095238095238
27.119935989379883 0.2103174603174603
27.172100067138672 0.2103174603174603
27.172100067138672 0.20982142857142855
27.274959564208984 0.20982142857142855
27.274959564208984 0.2093253968253968
27.326004028320312 0.2093253968253968
27.326004028320312 0.20882936507936506
27.33804702758789 0.20882936507936506
27.33804702758789 0.20833333333333331
27.34522247314453 0.20833333333333331
27.34522247314453 0.20684523809523808
27.45934295654297 0.20684523809523808
27.45934295654297 0.20634920634920634
27.724098205566406 0.20634920634920634
27.724098205566406 0.2058531746031746
27.746849060058594 0.2058531746031746
27.746849060058594 0.20535714285714285
27.778976440429688 0.20535714285714285
27.778976440429688 0.2048611111111111
27.82958984375 0.2048611111111111
27.82958984375 0.20436507936507936
27.86805534362793 0.20436507936507936
27.86805534362793 0.20337301587301587
27.945770263671875 0.20337301587301587
27.945770263671875 0.20287698412698413
27.97722053527832 0.20287698412698413
27.97722053527832 0.1994047619047619
28.011547088623047 0.1994047619047619
28.011547088623047 0.1984126984126984
28.055858612060547 0.1984126984126984
28.055858612060547 0.19791666666666666
28.07309341430664 0.19791666666666666
28.07309341430664 0.1974206349206349
28.097579956054688 0.1974206349206349
28.097579956054688 0.19692460317460317
28.110187530517578 0.19692460317460317
28.110187530517578 0.19642857142857142
28.187883377075195 0.19642857142857142
28.187883377075195 0.19593253968253968
28.243656158447266 0.19593253968253968
28.243656158447266 0.19543650793650794
28.26782989501953 0.19543650793650794
28.26782989501953 0.1949404761904762
28.317121505737305 0.1949404761904762
28.317121505737305 0.19444444444444442
28.56150245666504 0.19444444444444442
28.56150245666504 0.19394841269841268
28.569278717041016 0.19394841269841268
28.569278717041016 0.19345238095238093
28.677143096923828 0.19345238095238093
28.677143096923828 0.1929563492063492
28.752717971801758 0.1929563492063492
28.752717971801758 0.19246031746031744
28.78560447692871 0.19246031746031744
28.78560447692871 0.1919642857142857
28.82967758178711 0.1919642857142857
28.82967758178711 0.19146825396825395
28.85261344909668 0.19146825396825395
28.85261344909668 0.1909722222222222
28.892927169799805 0.1909722222222222
28.892927169799805 0.19047619047619047
28.899269104003906 0.19047619047619047
28.899269104003906 0.18998015873015872
28.96112823486328 0.18998015873015872
28.96112823486328 0.1884920634920635
29.090789794921875 0.1884920634920635
29.090789794921875 0.1875
29.110252380371094 0.1875
29.110252380371094 0.18700396825396826
29.206911087036133 0.18700396825396826
29.206911087036133 0.17658730158730157
29.243688583374023 0.17658730158730157
29.243688583374023 0.17609126984126983
29.274269104003906 0.17609126984126983
29.274269104003906 0.17559523809523808
29.34031105041504 0.17559523809523808
29.34031105041504 0.1736111111111111
29.359397888183594 0.1736111111111111
29.359397888183594 0.17311507936507936
29.421283721923828 0.17311507936507936
29.421283721923828 0.17261904761904762
29.42997932434082 0.17261904761904762
29.42997932434082 0.17212301587301587
29.433204650878906 0.17212301587301587
29.433204650878906 0.17162698412698413
29.45934295654297 0.17162698412698413
29.45934295654297 0.17113095238095238
29.47173500061035 0.17113095238095238
29.47173500061035 0.17063492063492064
29.4873104095459 0.17063492063492064
29.4873104095459 0.16964285714285712
29.5539493560791 0.16964285714285712
29.5539493560791 0.1681547619047619
29.60367774963379 0.1681547619047619
29.60367774963379 0.16765873015873015
29.653629302978516 0.16765873015873015
29.653629302978516 0.16567460317460317
29.729103088378906 0.16567460317460317
29.729103088378906 0.16418650793650794
29.780378341674805 0.16418650793650794
29.780378341674805 0.1636904761904762
29.795822143554688 0.1636904761904762
29.795822143554688 0.16220238095238093
29.86805534362793 0.16220238095238093
29.86805534362793 0.1607142857142857
29.961666107177734 0.1607142857142857
29.961666107177734 0.16021825396825395
30.077987670898438 0.16021825396825395
30.077987670898438 0.1597222222222222
30.11070442199707 0.1597222222222222
30.11070442199707 0.15823412698412698
30.18529510498047 0.15823412698412698
30.18529510498047 0.15773809523809523
30.21101951599121 0.15773809523809523
30.21101951599121 0.1572420634920635
30.226608276367188 0.1572420634920635
30.226608276367188 0.15674603174603174
30.243824005126953 0.15674603174603174
30.243824005126953 0.15625
30.267810821533203 0.15625
30.267810821533203 0.154265873015873
30.296154022216797 0.154265873015873
30.296154022216797 0.15376984126984125
30.332622528076172 0.15376984126984125
30.332622528076172 0.15277777777777776
30.378002166748047 0.15277777777777776
30.378002166748047 0.15228174603174602
30.458770751953125 0.15228174603174602
30.458770751953125 0.15128968253968253
30.7298583984375 0.15128968253968253
30.7298583984375 0.15079365079365079
30.85712432861328 0.15079365079365079
30.85712432861328 0.15029761904761904
31.02131462097168 0.15029761904761904
31.02131462097168 0.1498015873015873
31.022499084472656 0.1498015873015873
31.022499084472656 0.14930555555555555
31.060546875 0.14930555555555555
31.060546875 0.1488095238095238
31.085384368896484 0.1488095238095238
31.085384368896484 0.14831349206349206
31.110395431518555 0.14831349206349206
31.110395431518555 0.14732142857142858
31.16404151916504 0.14732142857142858
31.16404151916504 0.1468253968253968
31.18332290649414 0.1468253968253968
31.18332290649414 0.14632936507936506
31.20418930053711 0.14632936507936506
31.20418930053711 0.14434523809523808
31.239776611328125 0.14434523809523808
31.239776611328125 0.14384920634920634
31.367305755615234 0.14384920634920634
31.367305755615234 0.1433531746031746
31.370738983154297 0.1433531746031746
31.370738983154297 0.1423611111111111
31.417980194091797 0.1423611111111111
31.417980194091797 0.14186507936507936
31.427722930908203 0.14186507936507936
31.427722930908203 0.14136904761904762
31.478092193603516 0.14136904761904762
31.478092193603516 0.14087301587301587
31.48188018798828 0.14087301587301587
31.48188018798828 0.14037698412698413
31.521953582763672 0.14037698412698413
31.521953582763672 0.13988095238095238
31.56437873840332 0.13988095238095238
31.56437873840332 0.13938492063492064
31.579998016357422 0.13938492063492064
31.579998016357422 0.1388888888888889
31.596433639526367 0.1388888888888889
31.596433639526367 0.13839285714285712
31.601486206054688 0.13839285714285712
31.601486206054688 0.13789682539682538
31.64409828186035 0.13789682539682538
31.64409828186035 0.13740079365079363
31.81625747680664 0.13740079365079363
31.81625747680664 0.1369047619047619
31.836185455322266 0.1369047619047619
31.836185455322266 0.13541666666666666
31.988855361938477 0.13541666666666666
31.988855361938477 0.1349206349206349
32.004058837890625 0.1349206349206349
32.004058837890625 0.13343253968253968
32.04679870605469 0.13343253968253968
32.04679870605469 0.13293650793650794
32.07510757446289 0.13293650793650794
32.07510757446289 0.1324404761904762
32.090633392333984 0.1324404761904762
32.090633392333984 0.13194444444444445
32.16070556640625 0.13194444444444445
32.16070556640625 0.1314484126984127
32.16587829589844 0.1314484126984127
32.16587829589844 0.13095238095238093
32.174659729003906 0.13095238095238093
32.174659729003906 0.1304563492063492
32.20003890991211 0.1304563492063492
32.20003890991211 0.12996031746031744
32.231754302978516 0.12996031746031744
32.231754302978516 0.1294642857142857
32.23358154296875 0.1294642857142857
32.23358154296875 0.1284722222222222
32.2430305480957 0.1284722222222222
32.2430305480957 0.12797619047619047
32.24309539794922 0.12797619047619047
32.24309539794922 0.12648809523809523
32.262325286865234 0.12648809523809523
32.262325286865234 0.1259920634920635
32.26976776123047 0.1259920634920635
32.26976776123047 0.12549603174603174
32.29496383666992 0.12549603174603174
32.29496383666992 0.125
32.574195861816406 0.125
32.574195861816406 0.1240079365079365
32.699134826660156 0.1240079365079365
32.699134826660156 0.12351190476190475
32.73752975463867 0.12351190476190475
32.73752975463867 0.12301587301587301
32.75918960571289 0.12301587301587301
32.75918960571289 0.12251984126984126
32.83917999267578 0.12251984126984126
32.83917999267578 0.12202380952380952
32.962947845458984 0.12202380952380952
32.962947845458984 0.12103174603174602
33.32356643676758 0.12103174603174602
33.32356643676758 0.12053571428571427
33.35633850097656 0.12053571428571427
33.35633850097656 0.12003968253968253
33.508235931396484 0.12003968253968253
33.508235931396484 0.11954365079365079
33.553077697753906 0.11954365079365079
33.553077697753906 0.11904761904761904
33.643699645996094 0.11904761904761904
33.643699645996094 0.1185515873015873
33.82420349121094 0.1185515873015873
33.82420349121094 0.11805555555555555
33.98649215698242 0.11805555555555555
33.98649215698242 0.11755952380952381
34.01955795288086 0.11755952380952381
34.01955795288086 0.11706349206349206
34.034263610839844 0.11706349206349206
34.034263610839844 0.1165674603174603
34.207481384277344 0.1165674603174603
34.207481384277344 0.11607142857142856
34.21120834350586 0.11607142857142856
34.21120834350586 0.11557539682539682
34.60005569458008 0.11557539682539682
34.60005569458008 0.11507936507936507
34.73766326904297 0.11507936507936507
34.73766326904297 0.11458333333333333
34.77434539794922 0.11458333333333333
34.77434539794922 0.11408730158730158
34.80891418457031 0.11408730158730158
34.80891418457031 0.11359126984126984
34.85464859008789 0.11359126984126984
34.85464859008789 0.11309523809523808
34.92368698120117 0.11309523809523808
34.92368698120117 0.11259920634920634
34.96815490722656 0.11259920634920634
34.96815490722656 0.1121031746031746
35.166893005371094 0.1121031746031746
35.166893005371094 0.11160714285714285
35.194000244140625 0.11160714285714285
35.194000244140625 0.1111111111111111
35.239418029785156 0.1111111111111111
35.239418029785156 0.11061507936507936
35.251129150390625 0.11061507936507936
35.251129150390625 0.11011904761904762
35.2608528137207 0.11011904761904762
35.2608528137207 0.10962301587301587
35.36479949951172 0.10962301587301587
35.36479949951172 0.10863095238095237
35.37574005126953 0.10863095238095237
35.37574005126953 0.10813492063492063
35.45763397216797 0.10813492063492063
35.45763397216797 0.10763888888888888
35.548561096191406 0.10763888888888888
35.548561096191406 0.10714285714285714
35.82238006591797 0.10714285714285714
35.82238006591797 0.1046626984126984
35.85713577270508 0.1046626984126984
35.85713577270508 0.10416666666666666
36.14741897583008 0.10416666666666666
36.14741897583008 0.10218253968253968
36.3306770324707 0.10218253968253968
36.3306770324707 0.10168650793650794
36.3520622253418 0.10168650793650794
36.3520622253418 0.10119047619047619
36.52289962768555 0.10119047619047619
36.52289962768555 0.10069444444444443
36.53882598876953 0.10069444444444443
36.53882598876953 0.10019841269841269
36.5595817565918 0.10019841269841269
36.5595817565918 0.09970238095238095
36.70732498168945 0.09970238095238095
36.70732498168945 0.09771825396825397
36.78264617919922 0.09771825396825397
36.78264617919922 0.09722222222222221
36.80278778076172 0.09722222222222221
36.80278778076172 0.09672619047619047
36.82689666748047 0.09672619047619047
36.82689666748047 0.09623015873015872
36.93505096435547 0.09623015873015872
36.93505096435547 0.09573412698412698
37.077232360839844 0.09573412698412698
37.077232360839844 0.09523809523809523
37.13862228393555 0.09523809523809523
37.13862228393555 0.09474206349206349
37.33804702758789 0.09474206349206349
37.33804702758789 0.09325396825396826
37.35041809082031 0.09325396825396826
37.35041809082031 0.0927579365079365
37.409332275390625 0.0927579365079365
37.409332275390625 0.09027777777777778
37.444580078125 0.09027777777777778
37.444580078125 0.08978174603174603
37.55644226074219 0.08978174603174603
37.55644226074219 0.08878968253968253
37.61514663696289 0.08878968253968253
37.61514663696289 0.08829365079365079
37.64402389526367 0.08829365079365079
37.64402389526367 0.08531746031746032
37.684234619140625 0.08531746031746032
37.684234619140625 0.08482142857142856
37.705047607421875 0.08482142857142856
37.705047607421875 0.0818452380952381
37.715206146240234 0.0818452380952381
37.715206146240234 0.08134920634920634
37.772560119628906 0.08134920634920634
37.772560119628906 0.08035714285714285
37.86260986328125 0.08035714285714285
37.86260986328125 0.0798611111111111
37.884700775146484 0.0798611111111111
37.884700775146484 0.07936507936507936
37.904457092285156 0.07936507936507936
37.904457092285156 0.07886904761904762
37.905029296875 0.07886904761904762
37.905029296875 0.07837301587301587
37.921478271484375 0.07837301587301587
37.921478271484375 0.07738095238095238
37.99030303955078 0.07738095238095238
37.99030303955078 0.07688492063492063
38.032936096191406 0.07688492063492063
38.032936096191406 0.07638888888888888
38.058258056640625 0.07638888888888888
38.058258056640625 0.07589285714285714
38.124549865722656 0.07589285714285714
38.124549865722656 0.07539682539682539
38.187721252441406 0.07539682539682539
38.187721252441406 0.07490079365079365
38.19614791870117 0.07490079365079365
38.19614791870117 0.0744047619047619
38.21209716796875 0.0744047619047619
38.21209716796875 0.0734126984126984
38.251922607421875 0.0734126984126984
38.251922607421875 0.07242063492063491
38.28776931762695 0.07242063492063491
38.28776931762695 0.07043650793650794
38.3170051574707 0.07043650793650794
38.3170051574707 0.06994047619047619
38.33973693847656 0.06994047619047619
38.33973693847656 0.06894841269841269
38.40880584716797 0.06894841269841269
38.40880584716797 0.06845238095238095
38.55883026123047 0.06845238095238095
38.55883026123047 0.06498015873015872
38.88629913330078 0.06498015873015872
38.88629913330078 0.06448412698412698
38.96863555908203 0.06448412698412698
38.96863555908203 0.06398809523809523
39.031593322753906 0.06398809523809523
39.031593322753906 0.06299603174603174
39.108184814453125 0.06299603174603174
39.108184814453125 0.0625
39.1363525390625 0.0625
39.1363525390625 0.06200396825396825
39.53441619873047 0.06200396825396825
39.53441619873047 0.061507936507936505
39.63203048706055 0.061507936507936505
39.63203048706055 0.06101190476190476
39.86659240722656 0.06101190476190476
39.86659240722656 0.05952380952380952
40.185035705566406 0.05952380952380952
40.185035705566406 0.059027777777777776
40.25526809692383 0.059027777777777776
40.25526809692383 0.05853174603174603
40.365997314453125 0.05853174603174603
40.365997314453125 0.05803571428571428
40.593074798583984 0.05803571428571428
40.593074798583984 0.057539682539682536
40.60027313232422 0.057539682539682536
40.60027313232422 0.05704365079365079
40.607566833496094 0.05704365079365079
40.607566833496094 0.05654761904761904
40.63603210449219 0.05654761904761904
40.63603210449219 0.0560515873015873
40.758270263671875 0.0560515873015873
40.758270263671875 0.05555555555555555
40.76979446411133 0.05555555555555555
40.76979446411133 0.05505952380952381
40.7935905456543 0.05505952380952381
40.7935905456543 0.054563492063492064
40.818756103515625 0.054563492063492064
40.818756103515625 0.05406746031746031
40.886627197265625 0.05406746031746031
40.886627197265625 0.05357142857142857
40.950531005859375 0.05357142857142857
40.950531005859375 0.053075396825396824
41.03117370605469 0.053075396825396824
41.03117370605469 0.05257936507936507
41.048831939697266 0.05257936507936507
41.048831939697266 0.05208333333333333
41.082252502441406 0.05208333333333333
41.082252502441406 0.051587301587301584
41.11829376220703 0.051587301587301584
41.11829376220703 0.05109126984126984
41.1183967590332 0.05109126984126984
41.1183967590332 0.050595238095238096
41.23033905029297 0.050595238095238096
41.23033905029297 0.050099206349206345
41.32048034667969 0.050099206349206345
41.32048034667969 0.0496031746031746
41.338905334472656 0.0496031746031746
41.338905334472656 0.049107142857142856
41.434364318847656 0.049107142857142856
41.434364318847656 0.04811507936507936
41.5225715637207 0.04811507936507936
41.5225715637207 0.047619047619047616
41.533912658691406 0.047619047619047616
41.533912658691406 0.04712301587301587
41.585723876953125 0.04712301587301587
41.585723876953125 0.04662698412698413
41.654205322265625 0.04662698412698413
41.654205322265625 0.04563492063492063
41.66149139404297 0.04563492063492063
41.66149139404297 0.04513888888888889
41.745086669921875 0.04513888888888889
41.745086669921875 0.04464285714285714
41.754390716552734 0.04464285714285714
41.754390716552734 0.04414682539682539
42.00044250488281 0.04414682539682539
42.00044250488281 0.04365079365079365
42.14247131347656 0.04365079365079365
42.14247131347656 0.043154761904761904
42.1427001953125 0.043154761904761904
42.1427001953125 0.04265873015873016
42.20024490356445 0.04265873015873016
42.20024490356445 0.04216269841269841
42.237308502197266 0.04216269841269841
42.237308502197266 0.041666666666666664
42.264671325683594 0.041666666666666664
42.264671325683594 0.04117063492063492
42.353240966796875 0.04117063492063492
42.353240966796875 0.04067460317460317
42.376304626464844 0.04067460317460317
42.376304626464844 0.040178571428571425
42.39520263671875 0.040178571428571425
42.39520263671875 0.03968253968253968
42.485294342041016 0.03968253968253968
42.485294342041016 0.039186507936507936
42.51171112060547 0.039186507936507936
42.51171112060547 0.03869047619047619
42.67854309082031 0.03869047619047619
42.67854309082031 0.03819444444444444
42.895023345947266 0.03819444444444444
42.895023345947266 0.037698412698412696
42.90843963623047 0.037698412698412696
42.90843963623047 0.03720238095238095
43.166378021240234 0.03720238095238095
43.166378021240234 0.0367063492063492
43.281333923339844 0.0367063492063492
43.281333923339844 0.03621031746031746
43.36830139160156 0.03621031746031746
43.36830139160156 0.03571428571428571
43.451507568359375 0.03571428571428571
43.451507568359375 0.03521825396825397
43.52566909790039 0.03521825396825397
43.52566909790039 0.034722222222222224
43.81403350830078 0.034722222222222224
43.81403350830078 0.03422619047619047
43.84296798706055 0.03422619047619047
43.84296798706055 0.03373015873015873
43.85340118408203 0.03373015873015873
43.85340118408203 0.033234126984126984
43.9836311340332 0.033234126984126984
43.9836311340332 0.03273809523809523
44.15495681762695 0.03273809523809523
44.15495681762695 0.03224206349206349
44.21068572998047 0.03224206349206349
44.21068572998047 0.031746031746031744
44.31647491455078 0.031746031746031744
44.31647491455078 0.03125
44.445587158203125 0.03125
44.445587158203125 0.030753968253968252
44.52290344238281 0.030753968253968252
44.52290344238281 0.030257936507936505
44.78742218017578 0.030257936507936505
44.78742218017578 0.02976190476190476
44.799442291259766 0.02976190476190476
44.799442291259766 0.029265873015873016
45.516326904296875 0.029265873015873016
45.516326904296875 0.028769841269841268
45.556556701660156 0.028769841269841268
45.556556701660156 0.027777777777777776
45.68789291381836 0.027777777777777776
45.68789291381836 0.027281746031746032
45.839698791503906 0.027281746031746032
45.839698791503906 0.026289682539682536
46.0574951171875 0.026289682539682536
46.0574951171875 0.025793650793650792
46.095664978027344 0.025793650793650792
46.095664978027344 0.025297619047619048
46.75326156616211 0.025297619047619048
46.75326156616211 0.0248015873015873
47.05231475830078 0.0248015873015873
47.05231475830078 0.024305555555555552
47.077796936035156 0.024305555555555552
47.077796936035156 0.022817460317460316
47.21635055541992 0.022817460317460316
47.21635055541992 0.02232142857142857
47.393218994140625 0.02232142857142857
47.393218994140625 0.021825396825396824
48.35865783691406 0.021825396825396824
48.35865783691406 0.02132936507936508
48.35936737060547 0.02132936507936508
48.35936737060547 0.020833333333333332
48.52412033081055 0.020833333333333332
48.52412033081055 0.020337301587301584
48.75339889526367 0.020337301587301584
48.75339889526367 0.01984126984126984
48.83310317993164 0.01984126984126984
48.83310317993164 0.018849206349206348
48.858402252197266 0.018849206349206348
48.858402252197266 0.0183531746031746
49.11335754394531 0.0183531746031746
49.11335754394531 0.016865079365079364
49.20838928222656 0.016865079365079364
49.20838928222656 0.016369047619047616
49.34687423706055 0.016369047619047616
49.34687423706055 0.015873015873015872
49.44268798828125 0.015873015873015872
49.44268798828125 0.01488095238095238
49.494632720947266 0.01488095238095238
49.494632720947266 0.014384920634920634
49.848777770996094 0.014384920634920634
49.848777770996094 0.013392857142857142
50.10914611816406 0.013392857142857142
50.10914611816406 0.012896825396825396
50.12269592285156 0.012896825396825396
50.12269592285156 0.01240079365079365
50.22526168823242 0.01240079365079365
50.22526168823242 0.011904761904761904
50.26465606689453 0.011904761904761904
50.26465606689453 0.011408730158730158
50.510047912597656 0.011408730158730158
50.510047912597656 0.010912698412698412
50.68834686279297 0.010912698412698412
50.68834686279297 0.010416666666666666
50.81370544433594 0.010416666666666666
50.81370544433594 0.00992063492063492
51.11723709106445 0.00992063492063492
51.11723709106445 0.009424603174603174
51.31707763671875 0.009424603174603174
51.31707763671875 0.008928571428571428
51.481300354003906 0.008928571428571428
51.481300354003906 0.008432539682539682
51.495208740234375 0.008432539682539682
51.495208740234375 0.007936507936507936
51.839942932128906 0.007936507936507936
51.839942932128906 0.00744047619047619
51.86009216308594 0.00744047619047619
51.86009216308594 0.006944444444444444
52.008338928222656 0.006944444444444444
52.008338928222656 0.006448412698412698
52.68128204345703 0.006448412698412698
52.68128204345703 0.005952380952380952
52.8136100769043 0.005952380952380952
52.8136100769043 0.005456349206349206
55.42572784423828 0.005456349206349206
55.42572784423828 0.00496031746031746
55.610252380371094 0.00496031746031746
55.610252380371094 0.004464285714285714
55.859947204589844 0.004464285714285714
55.859947204589844 0.003968253968253968
56.34761047363281 0.003968253968253968
56.34761047363281 0.003472222222222222
57.781089782714844 0.003472222222222222
57.781089782714844 0.002976190476190476
58.473426818847656 0.002976190476190476
58.473426818847656 0.00248015873015873
59.980186462402344 0.00248015873015873
59.980186462402344 0.001984126984126984
61.37498474121094 0.001984126984126984
61.37498474121094 0.001488095238095238
61.97615432739258 0.001488095238095238
61.97615432739258 0.000992063492063492
62.054473876953125 0.000992063492063492
62.054473876953125 0.000496031746031746
62.35359191894531 0.000496031746031746
62.35359191894531 0.0
63.35359191894531 0
